-1.218050406219295780e+02
-1.224854821334406552e+02
-1.300625187963123892e+02
-5.925924861129660570e+01
-1.353443957332556806e+02
-5.395857070502398045e+01
-3.989660814301643654e+01
-1.059933508538588853e+02
-4.817071778415005667e+01
-1.085531187547113205e+02
-1.087776585416676198e+02
-1.235015382172376661e+02
-1.007820640400700682e+02
-5.765960004426465701e+01
-1.112032272020994839e+02
-1.072381083996395006e+02
-1.413472784969959548e+02
-4.387317125182817534e+01
-1.037043435541788057e+02
-1.110650711194862907e+02
-1.035040788820696775e+02
-1.118862737690664204e+02
-1.034093358544685088e+02
-1.011204086008119560e+02
-1.029647766287897497e+02
-1.004378962948571825e+02
-1.110263222348071821e+02
-1.036812883047106482e+02
-1.042854522506881807e+02
-1.026516706031933097e+02
-1.013983879804965795e+02
-1.024290929990482368e+02
-1.048027078518286714e+02
-1.152439201776273592e+02
-1.055325045641573354e+02
-4.078510387365989232e+01
-1.070501314366636194e+02
-9.767911008805462814e+01
-1.140193740957416821e+02
-1.020271187303124663e+02
-1.037327848721251371e+02
-1.072200288526319127e+02
-9.849628499376133561e+01
-1.189571862673311529e+02
-1.209461899765536543e+02
-1.078654922091870532e+02
-9.817879759043304944e+01
-1.268496660441087727e+02
-9.960057374799671948e+01
-1.031075636533200708e+02
-1.176249986032565289e+02
-1.341894675798768617e+02
-9.943893194276607517e+01
-1.157847360471689200e+02
-1.012090052959586188e+02
-1.035408821823373415e+02
-9.826021818367614458e+01
-3.124641570522891243e+01
-9.820189738388674527e+01
-9.623296624732310534e+01
-9.798943379076325755e+01
-1.015122819114900210e+02
-1.247332876157935289e+02
-1.067453528797844484e+02
-2.329296332763133037e+01
-9.893719896864332952e+01
-9.717970789529842079e+01
-1.029968275305662360e+02
-1.047557246962235098e+02
-1.003496170662959628e+02
-1.147720697809335206e+02
-3.839277972343921164e+01
-1.080825818422364932e+02
-1.087737509183644278e+02
-9.756660118633988077e+01
-1.011907657432578560e+02
-9.837503855684468590e+01
-9.994757273770493100e+01
-1.161897285671897464e+02
-9.977521487702125569e+01
-9.997756934646540117e+01
-1.106017837284088472e+02
-1.046708402434231999e+02
-9.952649524435886974e+01
-9.825732280125690465e+01
-1.023787642022234650e+02
-1.056455669177825456e+02
-9.653207780204586186e+01
-1.005916988080006433e+02
-1.001409355567958244e+02
-9.859328560213398873e+01
-1.094631819645834412e+02
-1.003002825594076626e+02
-1.091245070007113327e+02
-1.064404694773664488e+02
-1.158377846763411014e+02
-1.008883768127062268e+02
-1.099264697556406105e+02
-1.224689189693479676e+02
-9.982270592048499225e+01
-9.962833660174047168e+01
-1.029073313778563232e+02
-1.074728183018848426e+02
-1.008304465678197204e+02
-9.514074360932930574e+01
-1.012174302163040807e+02
-1.080167895358408714e+02
-1.055441671003572708e+02
-1.056520426605808325e+02
-1.042662125706866050e+02
-9.991929739819586587e+01
-1.047879027244201779e+02
-9.197337359803074719e+01
-9.036252623054906508e+01
-1.012538699658456665e+02
-1.013786889004907863e+02
-1.031051319801165249e+02
-1.007644566927704091e+02
-9.491188190073560804e+01
-1.089370424994843631e+02
-9.841859152460523319e+01
-9.872863844505235420e+01
-1.006709337174033720e+02
-9.396354198281918002e+01
-1.153729754261575664e+02
-9.707397968802186483e+01
-9.005430742387474652e+01
-9.635220968661785435e+01
-1.036207383192737268e+02
-1.005900350257499838e+02
-1.167877291049565400e+02
-1.012626942615276278e+02
-9.985345322271388113e+01
-1.020983882335235933e+02
-1.030659550288291371e+02
-1.085248583961590612e+02
-1.008315712267842059e+02
-1.056358278748645603e+02
-1.051376708514183917e+02
-1.001549125314055857e+02
-9.868791903630325635e+01
-9.858932877071984535e+01
-1.038146393013285831e+02
-1.040465174831353181e+02
-8.369935759300167888e+01
-9.992665007700213664e+01
-9.783662184622957625e+01
-1.015461072833742406e+02
-4.653728904995491433e+01
-1.283014117177146716e+02
-9.630098835595021001e+01
-9.694113516347069037e+01
-1.008159876888899760e+02
-9.512465541790018619e+01
-9.497048947052088863e+01
-1.023223215703854834e+02
-1.014837381259696087e+02
-1.004959414313697721e+02
-9.852814977962400178e+01
-1.029044384099284173e+02
-1.006254137102675230e+02
-1.034276443977199023e+02
-8.578263854691169854e+01
-9.253648471300836320e+01
-1.005197941907136396e+02
-1.102929200904689111e+02
-9.984615699644787412e+01
-1.032670571767220622e+02
-1.021968749671033834e+02
-8.859095943280547658e+01
-1.022181081748004914e+02
-9.903889098115949707e+01
-9.814623864021940847e+01
-1.045859664639858693e+02
-9.574798851452486304e+01
-9.717668210123486006e+01
-1.130267707844662510e+02
-1.032888284260579326e+02
-9.859497450988646960e+01
-1.027375698665370436e+02
-1.058193005804404407e+02
-9.791807483629737874e+01
-9.400896342496936597e+01
-9.540497741690019495e+01
-9.229533402012889098e+01
-1.020341649079620936e+02
-1.224747399875621170e+02
-1.009204447775491502e+02
-1.053921796360602912e+02
-1.019317189903219969e+02
-1.039105426332012740e+02
-8.810012237308879435e+01
-1.053551834549018054e+02
-1.046206757218588166e+02
-1.019335247771733890e+02
-1.085719125034026291e+02
-8.675122410867493272e+01
-9.750402354577610708e+01
-7.381282917618237605e+01
-8.692207848559215222e+01
-9.773376102286843548e+01
-1.023224302316875480e+02
-9.690541735862525741e+01
-9.734061247342258127e+01
-1.005806598459982695e+02
-1.024351750079213872e+02
-9.252528369320214097e+01
-1.026305548609914382e+02
-8.452203892316043721e+01
-1.038511779136822355e+02
-9.585363679382240321e+01
-1.068942213996794521e+02
-1.005896676414033095e+02
-9.138479129781855193e+01
-9.906537144807641937e+01
-1.137666909905487103e+02
-9.034965533268032800e+01
-9.207578855996291622e+01
-9.316387385980182501e+01
-9.507140057702561364e+01
-1.019776563080178420e+02
-7.435494486887571952e+01
-1.006220744755485299e+02
-5.524604097331776131e+01
-9.570016277953760664e+01
-9.759094684233943440e+01
-6.670732307637413783e+01
-1.031774994855046401e+02
-9.836348134906029372e+01
-1.033476029357102135e+02
-1.038985574910144862e+02
-1.035315849905613987e+02
-9.688783409738117314e+01
-9.014855080467894766e+01
-1.030528719775329876e+02
-1.008995855338947365e+02
-1.158769250319137996e+02
-1.023174303686355131e+02
-1.049469763034969390e+02
-8.974241760020973402e+01
-1.057019402098462280e+02
-1.041002113020906990e+02
-9.583394806729613435e+01
-1.066373284669699188e+02
-9.806790215452588200e+01
-1.052049498767234752e+02
-7.833243819009034326e+01
-1.051701040404488339e+02
-1.075122024214199996e+02
-1.067415597476751259e+02
-8.255032925434711899e+01
-9.188843408045272554e+01
-1.071859260761089558e+02
-7.839558010071685601e+01
-9.837766390748990375e+01
-9.907396786329232441e+01
-1.218800568653686156e+02
-1.035372198900834206e+02
-1.043922094802416183e+02
-1.010093265481740019e+02
-1.102390592429043181e+02
-1.052077286923622239e+02
-1.032761084169496257e+02
-1.064632889409050449e+02
-9.702996245717449142e+01
-1.032415249891729161e+02
-1.024828168881636259e+02
-9.624255412678840571e+01
-9.324101404715300134e+01
-9.898771865937598591e+01
-1.098779864502526635e+02
-1.149646092873310010e+02
-8.834911614071660324e+01
-1.026745460003756136e+02
-8.053853615087741957e+01
-1.079521097656904089e+02
-1.013906501949637118e+02
-1.045698078482253379e+02
-9.989835781819223826e+01
-8.903414029709442445e+01
-8.592945573704999163e+01
-1.045223598173312212e+02
-9.962951405114279169e+01
-1.050405935327120233e+02
-9.481135006093171569e+01
-9.850525326925333047e+01
-9.648869810068629249e+01
-9.706796309159196312e+01
-1.015916351128072819e+02
-1.019143069087420628e+02
-9.350924877494567511e+01
-1.030711665439626330e+02
-1.049478538473622393e+02
-1.044193408790513757e+02
-1.075395709428430280e+02
-1.073985858347206346e+02
-9.454088472996582482e+01
-1.085249245748068461e+02
-1.018993536761159788e+02
-1.063543504074939676e+02
-7.883675132266553476e+01
-9.980014900191329730e+01
-1.150706886925794379e+02
-7.585154541605785994e+01
-8.158210886907616555e+01
-1.009719426142105334e+02
-7.113350000708024368e+01
-9.803211092796037462e+01
-9.996827330559196412e+01
-7.350282697579487490e+01
-6.883134245695967479e+01
-1.063379722727282228e+02
-1.083737654751814574e+02
-1.052655411125218023e+02
-1.081618736591531444e+02
-1.066188219444450453e+02
-7.320943552421744016e+01
-8.332638048896259875e+01
-8.517825082133050785e+01
-8.595902207653381311e+01
-8.499429399789468675e+01
-7.939708216401263030e+01
-8.590466973066649814e+01
-1.015912303124681131e+02
-1.028034774426269990e+02
-8.837383013628601702e+01
-8.058910359421665248e+01
-6.826619939412452709e+01
-9.608810378416130504e+01
-1.093058328914655561e+02
-9.900984359702604820e+01
-1.017699633155120154e+02
-1.088801003286045841e+02
-1.067153751313884840e+02
-9.752456127623823079e+01
-1.018618690846132608e+02
-9.313721018773453864e+01
-1.059202589520366899e+02
-5.029655974263231144e+01
-5.149402367057362540e+01
-9.930744258307535688e+01
-8.684051695415999461e+01
-8.724049412026027994e+01
-7.503347874884057944e+01
-7.272099639997900056e+01
-7.704344331468506368e+01
-1.096021180595092943e+02
-1.043667058021004692e+02
-8.935102500032144235e+01
-9.436015434970241245e+01
-9.906257455136173462e+01
-9.209475277008239402e+01
-9.952823436653508793e+01
-9.913928104368437744e+01
-1.219152040412706555e+02
-8.277339021961978460e+01
-1.002245375555934856e+02
-1.134667581090057951e+02
-9.976958504472987954e+01
-1.266138885793453142e+02
-1.162237595502417662e+02
-6.045533449116081925e+01
-1.012033764888674767e+02
-8.116816907539288195e+01
-7.560858920683882900e+01
-1.062750529848415653e+02
-8.532813222326686287e+01
-9.220635792501697381e+01
-1.034018135163518792e+02
-5.041151318629259492e+01
-9.602789196522027737e+01
-5.434929591981195784e+01
-7.367408711097060348e+01
-1.050047158436854176e+02
-1.167588491738408436e+02
-6.930880757018859128e+01
-8.914978087970040121e+01
-7.253984188510253261e+01
-1.165147339366299661e+01
-8.267338043550179805e+01
-9.782119091474623929e+01
-7.267622553090167514e+01
-7.427354786907265805e+01
-7.299529976157779743e+01
-1.009850115364663310e+02
-7.192635810586153866e+01
-9.128678916693378653e+01
-9.629276944331510890e+01
-8.301427701516999491e+01
-6.764127222107782700e+01
-4.855049515947143846e+01
-9.922851872454636180e+01
-9.457305627626573141e+01
-7.459033451314986962e+01
-9.568538278982167355e+01
-8.917953196619562561e+01
-1.034599219939988188e+02
-8.730527295688857237e+01
-7.809557785034041899e+01
-7.793196497587710780e+01
-8.833954269392862102e+01
-1.063197029530534081e+02
-7.637571820252736643e+01
-9.597119157033556291e+01
-8.171215164237315776e+01
-1.029822295138700383e+02
-9.449067380473341871e+01
-1.127636447722012889e+02
-6.859057119091147570e+01
-8.198469637321939274e+01
-9.680450810218462721e+01
-6.883179901913256060e+01
-8.676581190179621217e+01
-9.043964015811194201e+01
-7.388673833744194042e+01
-8.380951498704516212e+01
-1.032451489641767353e+02
-6.484525897479846890e+01
-9.058095803787225009e+01
-8.584122375629056023e+01
-9.739569098356943755e+01
-9.672788877150254905e+01
-7.251908032273213678e+01
-8.814164899947880372e+01
-8.446567747740641607e+01
-7.590083862333820264e+01
-6.785254108703864517e+01
-8.244470662789434812e+01
-6.889757841457803522e+01
-3.266227635544034058e+01
-8.025345766364907263e+01
-7.702184641118998343e+01
-7.255267321037106854e+01
-1.159040967357677232e+02
-6.698242155986532964e+01
-8.378796119018669231e+01
-8.478813301499033628e+01
-1.126614240898932735e+02
-8.190420901185345315e+01
-7.885906743659435847e+01
-7.577128157175025081e+01
-6.893078955535852970e+01
-7.273663553109901159e+01
-7.297602101615052561e+01
-6.053866708937336938e+01
-7.855124137319828037e+01
-8.451045088837572905e+01
-8.432715856150770151e+01
-7.845376270870644930e+01
-8.883739313176943142e+01
-1.034285253578559747e+02
-8.212149251464589383e+01
-6.892687070087224299e+01
-6.292219695313628591e+01
-7.553756107984656865e+01
-9.766229063864068394e+01
-8.831471513530118500e+01
-7.953701564867013474e+01
-9.639840394381482724e+01
-7.575571309437856371e+01
-3.704562879720955237e+01
-6.980738502496117803e+01
-8.700179070891736899e+01
-8.245541605640448779e+01
-7.937723411822055652e+01
-8.742446518164071279e+01
-5.926565359857020354e+01
-1.210331537675538129e+02
-5.633889950812150005e+01
-1.100466515641055878e+02
-7.041180399714447447e+01
-6.402575274340438227e+01
-7.659144827464051275e+01
-9.289583108657272703e+01
-6.374671213429835603e+01
-6.378119825487576122e+01
-7.455860064073974058e+01
-7.431892365228323172e+01
-7.733766775459568521e+01
-3.602052633131295778e+01
-6.725235458971405933e+01
-8.814348524248811145e+01
-8.426826828355153509e+01
-6.629084160871659037e+01
-7.309253461118021278e+01
-8.765491368940736550e+01
-5.413840566975358826e+01
-7.762846063219421922e+01
-5.989316145823890025e+01
-6.842584839078480741e+01
-7.067729212715960330e+01
-1.249932871087433455e+02
-5.902683029816170546e+01
-9.716129151933826336e+01
-6.579117490072378871e+01
-8.334293209992375751e+01
-9.401994561093194136e+01
-4.709412630170318437e+01
-1.237972847357278425e+02
-2.975075072727068459e+01
-8.905606539458435122e+01
-5.138470704704779735e+01
-5.710170963853120440e+01
-7.082922994850125065e+01
-5.904049082467393106e+01
-7.859703406252863545e+01
-9.790788813140709124e+01
-7.286776669513902505e+01
-8.634972010830060185e+01
-9.083869274701248742e+01
-4.766464750012728757e+01
-6.687734315241783634e+01
-7.802941554972252902e+01
-8.370759995029098377e+01
-7.426312816702525765e+01
-6.035054243987818978e+01
-8.199831741993429546e+01
-7.874801788620746379e+01
-9.014429040468576204e+01
-1.007164252795802781e+02
-3.415269123495738768e+01
-6.334408995482289839e+01
-9.143612272707508737e+01
-9.953853170712959297e+01
-1.080611009150700283e+02
-8.331650031762197273e+01
-9.288241112133218280e+01
-7.259300287895298709e+01
-5.017558344249135160e+01
-8.772202680628784321e+01
-5.537066082437850412e+01
-9.319545800768590027e+01
-9.250116529251707220e+01
-7.224149983442045198e+01
-4.392552270551470173e+01
-5.740748407452942814e+01
-5.541323617674115809e+01
-6.573092186425267869e+01
-7.656485192926982108e+01
-6.446937251140641933e+01
-6.218121507975047280e+01
-8.477797754917126838e+01
-6.780403500180733545e+01
-6.542324254938904460e+01
-6.895326277874733023e+01
-7.385631223314089766e+01
-5.399902396010488559e+01
-1.012765416376444136e+02
-9.366948514590663422e+01
-8.377276039196821955e+01
-9.307705304817024228e+01
-8.981129748714509731e+01
-8.480301413061263816e+01
-9.923694821757351292e+01
-6.357135469213299928e+01
-8.365390020931208426e+01
-8.761443551858688750e+01
-6.395942146661194982e+01
-8.148338523493626440e+01
-7.800478060920454482e+01
-7.959145386408020784e+01
-7.190612266973214162e+01
-8.635476529578951954e+01
-9.108444736042719114e+01
-8.122950074949098109e+01
-7.811900114294763853e+01
-6.133112683665552822e+01
-5.843975353841005216e+01
-1.045725620574167039e+02
-9.926813237852175575e+01
-9.587451620501774130e+01
-1.005747439673064321e+02
-1.016590942855874005e+02
-6.450953930730254626e+01
-9.598765271929684673e+01
-4.481763137932158259e+01
-7.350663568700036876e+01
-5.674561720746829252e+01
-6.014687154775936051e+01
-7.228892985746583122e+01
-5.109728912591687333e+01
-8.197656976213195890e+01
-4.454822168938463278e+01
-9.038284857207108303e+01
-1.022493433929530653e+02
-8.796367622894862848e+01
-1.025258017603477469e+02
-8.826776943977688461e+01
-9.120532469194827740e+01
-8.988641699503995142e+01
-6.547455118599663138e+01
-8.702770234111810055e+01
-1.020635597545115729e+02
-5.799105696395587728e+01
-1.014637630126197649e+02
-9.839788881953251121e+01
-8.872416959436365858e+01
-8.251419817217491470e+01
-6.846656212204511860e+01
-4.311706762319356301e+01
-7.972836275976663956e+01
-5.195339646427322577e+01
-1.049699948862917722e+02
-7.449146615495425294e+01
-7.607170560879933419e+01
-6.895854479124517411e+01
-8.521628709228593834e+01
-6.193493817587057748e+01
-4.661951856537108085e+01
-9.768279201316484261e+01
-5.745347162117603546e+01
-1.033145784726178960e+02
-9.676268241009540816e+01
-8.385153668760378309e+01
-6.253995351725809115e+01
-1.009724262782492019e+02
-8.648618596992197638e+01
-7.402693702245176155e+01
-7.083569861836761561e+01
-8.740218071591070270e+01
-9.419414772448315887e+01
-4.466578839100179010e+01
-1.135989234864572097e+02
-6.273851237581859408e+01
-7.597659695605618424e+01
-5.962666301977985484e+01
-8.386854334503490804e+01
-8.237806037419697702e+01
-5.307788245113255243e+01
-3.821283623182043954e+01
-6.707438736440030880e+01
-1.006471964646939625e+02
-4.493492288025715453e+01
-7.837829159959719050e+01
-7.068532066997094887e+01
-6.941548905041805995e+01
-7.101008620192939702e+01
-7.077847858436562944e+01
-8.340843833841860544e+01
-5.630005200728808035e+01
-6.447042747452307765e+01
-6.901707951405852270e+01
-7.522267666927608332e+01
-6.586107313859187684e+01
-4.917386344017497635e+01
-6.517287297785559019e+01
-5.228662859473739388e+01
-6.420040763410050033e+01
-6.201255497467504085e+01
-5.553975853656660888e+01
-7.804911343304380011e+01
-5.717525891831321871e+01
-8.142400458939809482e+01
-6.841263735515398992e+01
-7.217270344013287797e+01
-4.967907758303280730e+01
-4.205469619382853352e+01
-4.774792057417279523e+01
-2.898442044348303170e+01
-6.152742231829900277e+01
-7.400650591351680418e+01
-9.259526252605523666e+01
-9.452782873090819749e+01
-6.697865032612969571e+01
-7.396395098116752820e+01
-7.773621183797222045e+01
-3.942473926742223966e+01
-7.413358836398113283e+01
-5.544402886972600442e+01
-4.447574696887752310e+01
-9.859629577979340809e+01
-5.057761975600910631e+01
-7.252000870799950860e+01
-6.793807826372736258e+01
-6.385351169684210504e+01
-5.212293874762689683e+01
-8.160265887234319848e+01
-6.737145768891232933e+01
-7.292159562375279336e+01
-3.702081263145548462e+01
-6.592889045156637451e+01
-6.452414768038502757e+01
-4.978704922666826604e+01
-6.261388684856279951e+01
-3.782884516582257106e+00
-7.980978607463715946e+01
-5.741517816231289828e+01
-6.846936821453181210e+01
-7.409557403414710564e+01
-4.551215881250575990e+01
-5.777613162321087259e+01
-9.291235666230548418e+01
-3.102414581481107803e+01
-3.285368241939518441e+01
-4.450223545617770071e+01
-8.832704348587226661e+01
-6.448782175313411358e+01
-1.022859295389245204e+02
-2.724877500392057073e+01
-9.488605281640990086e+01
-4.858341632270850852e+01
-4.072637197539605580e+01
-5.017512055068350207e+01
-7.177792476992509307e+01
-9.642429997655965224e+01
-8.218695208318916912e+01
-5.956627458648801365e+01
-6.826222126721523864e+01
-6.409441062499863051e+01
-6.732265676923061903e+01
-1.133978968800833798e+01
-5.702946442467907673e+01
-5.740832542684643158e+00
-7.490852096997801368e+01
-7.071810349128517714e+01
-4.962247862027942347e+01
-3.950343240763557162e+01
-8.513571245318242120e+01
-6.449296418579859846e+01
-5.779729962762092299e+01
-6.533033112588287850e+01
-8.593453567851966568e+01
-3.139719641995205279e+01
-9.346545954815181290e+01
-5.655694561777355744e+01
-7.602798005855761687e+01
-8.578400727934393899e+01
-8.536469848095063639e+01
-8.225184058836545375e+01
-7.640350942973884685e+01
-5.802644609293726319e+01
-5.463779486828932619e+01
-4.878149850446029490e+01
-8.132898755916647815e+01
-8.493072289325267832e+01
-7.036726915083704625e+01
-7.785003200168745252e+01
-6.784036944012166259e+01
-9.619067152483162886e+01
-8.995684196798067944e+01
-3.898362062345879764e+01
-5.742809210547657983e+01
-6.921905706817634041e+01
-7.662406352681173871e+01
-5.669494042912418763e+00
-4.311829012276271555e+01
6.188948758723995525e-01
-6.535167224851232959e+01
-5.212852779111388202e+01
-7.700200361487205214e+01
-7.355760567169110686e+01
-9.932585924283941381e+01
-6.214473308079540459e+01
-5.274241372585985488e+01
-8.215846081568246007e+01
-7.594474842577915297e+01
-6.631201715356039017e+01
-1.943537359525741692e+01
-7.952461794724682420e+01
-5.253175025868236503e+01
-7.139765980056677108e+01
-8.313598232986979042e+01
-3.138584568566365363e+01
-2.590100388053541280e+01
-5.185427050356030065e+01
-4.105784403800368665e+01
-7.621129678032752963e+01
-7.882606397885844274e+01
-7.099504296187640762e+01
-8.823858046634364882e+01
-7.078906606485915631e+01
-9.401999565846830365e+01
-8.618500275605340732e+01
-5.210385882033387617e+01
-5.949177673502341435e+01
-8.183548322065801983e+01
-4.981277591842344066e+01
1.484450521334503605e+02
-4.160633628726067457e+01
-9.336998051962912371e+01
-5.550678443423299768e+01
-6.714189205602818333e+01
-3.977367681523021758e+01
-6.803726652015230059e+01
-8.753288894293098110e+01
-1.021778571817222456e+02
-5.858104669105200912e+01
-7.813764618353776825e+01
-8.373405931163088667e+01
-6.225961434491308211e+01
-6.197075674016262781e+01
-8.172454407468762838e+01
-4.544909208141028500e+01
-7.937711827519724750e+01
-7.086467186952096142e+01
-8.009762310448651590e+01
-6.437461608097189014e+01
-1.057592324039889604e+02
1.029993148048833973e+01
-6.409072163214113971e+01
-1.013782229954376959e+02
4.769167741708309904e+01
-6.720157305196320863e+01
-6.643813467231078107e+01
-3.214275488725841967e+01
-5.575487752576413669e+01
-9.602297566873957635e+01
-1.037292164541663624e+02
-6.982682244985971920e+01
-1.128749666266673159e+02
-6.040765970817900410e+01
-7.618650099630403361e+01
-8.272848750238208027e+01
-2.401274730370852240e+01
-6.972377475450190332e+01
-7.363880641271622096e+01
-7.655662926120238865e+01
-7.293064547904558026e+01
-1.000559604347846232e+02
-4.293046566450144752e+01
-9.847422618226593727e+01
-7.516304934259727588e+01
-8.208626906738088280e+01
-1.029420141897684715e+02
-2.769933817633287276e+00
-6.346787376253568880e+01
-9.487398053526339936e+01
-3.304198309889463303e+01
-9.004648637458740268e+01
-3.048765230660487191e+01
-7.607661036553285783e+01
-8.339498504688685898e+01
-1.015967797134021566e+02
-7.157337598551109181e+01
-1.015092246508571350e+01
-6.593961089928023966e+01
-5.819615109663074293e+01
-9.318927456717288749e+01
-1.009774582952767759e+02
-9.807839712622514128e+01
-1.015041321179161145e+02
-8.726839232901893695e+01
-1.017941299992843227e+02
-3.332908800634193369e+01
-7.791567121929071504e+01
-8.824850484456270294e+01
-8.987229397657219465e+01
1.485517596440325860e+01
-7.638209293092813823e+01
-8.834361834016310411e+01
-6.410978421099639490e+01
-1.017315600766577290e+02
-9.046716311237290142e+01
-4.120759967997253170e+01
-7.611266508563124944e+01
-5.991134875428121376e+01
-1.080617008472601981e+01
-9.740063803305365298e+01
-1.030456782889571770e+02
-1.545537666938822952e+01
-7.617315928238762979e+01
-7.145776549602962291e+01
-3.446373893981990477e+01
-7.287748240296329527e+01
-7.036104019022346279e+01
1.294906493103040930e+02
-8.256795903193211927e+01
-1.064215458655981621e+02
-4.686331671600916593e+01
2.382002387130125953e+01
-5.681144869469136438e+00
-9.833619099335687963e+01
-6.659566578429783590e+01
5.112402814141560725e+00
-3.835384649854243833e+01
-9.953789777567995145e+01
-8.063060465538828225e+01
-5.455021985735623247e+01
-5.677506687168072119e+01
-1.007477979887778474e+02
-8.690111212600331214e+01
-8.691829283327820121e+01
-8.160189579223896317e+01
-7.801191463118702529e+01
-9.409646027571380955e+01
9.156942959124563686e+00
-6.214314216412434178e+01
-5.085862525877770679e+01
-1.027863102223701901e+02
-7.957352885946889387e+01
-9.105223334828416171e+01
-9.347862009700449448e+01
-2.290336678895354794e+01
-8.422073709970233324e+01
-3.815171081715709533e+01
-1.091861108264086653e+02
-5.019645303049568952e+01
-9.038017902684340754e+01
-4.880031752987091664e+01
-9.659878857741821889e+01
-4.292834889545044064e+01
-5.891357182875231047e+01
-5.648195756815485424e+01
-5.865432335048577528e+01
-7.308989519215627695e+01
-7.350685339231499427e+01
-7.414837842650582900e+01
-8.929241337157139924e+01
-9.985549992059370084e+01
-7.646752876695902046e+01
-7.282553562120936874e+01
-6.740807532886449849e+01
-8.777529363235721860e+01
-3.930430967618408999e+01
-7.585261047820441149e+01
-1.013128448581086047e+02
-8.631978517781637095e+01
-1.012229426631787987e+02
-6.528959580226171511e+01
-7.534160962194491162e+01
-8.842175460991016678e+01
-1.017388829428955574e+02
-7.655515091658392635e+01
2.180194892422974817e+00
-6.105919749882698255e+01
-7.088819061766550078e+01
-9.691667298384068374e+01
-3.679245627385071771e+01
-1.036396061096333483e+02
-9.931331692421834134e+01
-7.424666516891812762e+01
-4.485607477979383617e+01
-7.033658888567632061e+01
-9.591125543856003333e+01
-8.337723707341451984e+01
-9.806525619037746822e+01
-6.635370216761600659e+01
-4.450797451375474623e+01
-4.508838152560631585e+01
-7.685952248100475970e+01
-7.215258958768768593e+01
-9.987236400423819305e+01
-2.448274036603935144e+01
-9.327116090610269339e+01
-8.781889900070098065e+01
-7.162408347434572420e+01
-8.733179176415940503e+01
-7.706231366824691520e+01
-9.105550162660468061e+01
-8.194774870541932899e+01
-7.235419285907360631e+01
-5.812829594846299841e+01
-7.652089947029584494e+01
-6.781103162715889709e+01
-6.799874554592723541e+01
-1.021897560008188606e+02
-7.802176474328736333e+01
-7.544913340250911915e+01
4.834904346166737810e+01
-9.345311403149216289e+01
-8.762891366560053541e+01
-7.070031547936201832e+01
-8.561083585801478080e+01
-3.302745489043721250e+01
-8.930223211469910893e+01
-7.932653569448402209e+01
-8.859095868843164112e+01
-7.789206865828037962e+01
-9.657801710985374655e+01
-8.103247338960163404e+01
-6.285571370278524483e+01
-9.539814394385848573e+01
-3.171990027775268572e+01
-9.222708911672356180e+01
-4.627453708722421055e+01
-6.568081717074181825e+01
-8.969236729144859055e+01
-6.774036956597952042e+01
-9.727337292828588033e+01
-1.459148176545667752e+01
-8.020276870929501456e+01
-6.978996969607408118e+01
-5.627736498630660122e+01
-7.833666117013638086e+01
-7.874486717337842379e+01
-7.401604269050145035e+01
-4.372526127175282795e+01
-5.009688823206614217e+01
-7.528531441416596692e+01
-9.175392287328470786e+01
-4.675852694388694886e+01
-6.081996994791361999e+01
-7.640548964935331355e+01
-6.108366361117933963e+01
-1.009296470394984055e+02
-7.121638595182153608e+01
-4.312945344581874707e+01
-3.909730584487469685e+01
-1.010148378634021640e+02
-5.290233465357806608e+01
-3.860881178882082310e+01
-1.022415321274748834e+02
-9.784798347564009191e+01
-6.413672975745387816e+01
-9.552380668522893359e+01
-8.482475999745770423e+01
-9.805665493708146130e+01
-6.995227391808320760e+01
-8.368615781187739344e+01
-7.128469122497409671e+01
-7.106685419196743680e+01
-8.495686502690311670e+01
-6.346033473087479138e+01
-3.411760968900232172e+01
-7.176532838500402534e+01
-7.643206207399572349e+01
-9.540567433233883321e+01
-7.997675621540119550e+01
-6.907088157253119221e+01
-1.877807771315690388e+01
-8.652407833385878178e+01
-5.658356850568220153e+01
-7.206406922916501401e+01
-4.652088029272594838e+01
-6.967621007917526299e+01
-5.226392976656156719e+01
-9.652084065216658360e+01
-3.478790966406531027e+01
-7.539967597157306045e+01
-8.520653843706297437e+01
-8.796125413686904437e+01
-4.092843586242808840e+01
-6.548998746596811316e+01
-8.938660984870412562e+01
-5.000819290057965105e+01
-9.329163529723030024e+01
-8.534023835920551448e+01
-6.491256821045894299e+01
-7.711767504181591448e+01
-8.069559354536974638e+01
-4.437654496221485090e+01
-7.869582232099148200e+01
-4.891746906154180863e+01
5.075873092900346251e+01
-7.228210185391961318e+01
-6.914248179304448172e+01
2.163162727332888835e+01
-7.634085887487250943e+01
-6.169573922452721604e+01
-8.395377454727326949e+01
-8.144409481033390819e+01
-2.071051821075452892e+01
-7.197670549210430124e+01
-5.214621900565880708e+01
-8.893847213355526549e+01
-5.444258849735739147e+01
-3.432501350934305151e+01
-9.043527593550216181e+01
-6.990308017236966975e+01
-8.198808494515648704e+01
-7.188106473997066814e+01
-6.781711915820523018e+01
-6.313498878335714437e+01
-1.462303149373987310e+01
-6.758335650069763290e+01
-9.598368499034562262e+01
-7.333541682737416068e+01
-8.173772062957255002e+01
-6.802464374385932899e+01
-7.874942377589533749e+01
-9.779257439485675718e+00
-9.656238010323590970e+01
-8.392950211595044152e+01
-8.307636070905854808e+01
-8.598584063163266933e+01
-9.735691885513770671e+01
-8.436886101434231477e+01
-8.593208125839969114e+01
-7.991577242285977434e+01
-7.082476035385791135e+01
-9.140032961120478205e+01
-8.112342630312610936e+01
-6.633157517808555781e+01
-6.600468990015357917e+01
1.484207867363437572e+00
-6.791598118873389467e+01
-6.276368532302070946e+01
-7.770018924042311426e+01
-7.347822136672695592e+01
-8.451327308976686936e+01
-8.268403590648820511e+01
-8.372970283832636085e+01
-8.904230199185207084e+01
-7.682695527706947303e+01
-7.449815854687740568e+01
-1.010563450624702568e+02
-8.076414304893479823e+01
-6.238378935827002181e+01
-7.186834199472484386e+01
-4.270844171670128731e+01
-6.604826076050200356e+01
-9.750526268271124763e+01
-8.029586620851767975e+01
-6.954825150812686729e+01
2.139018611472494058e-01
-8.364967970533247410e+01
9.818725944745025913e+00
-6.850431935348488821e+01
-7.663592546348431256e+01
-7.189448586191124946e+01
-6.813546379278673726e+01
-8.938005795797026565e+01
-6.401086328721363827e+01
-7.298906911392546704e+01
-4.231227825729375525e+01
-1.321368052625730627e+01
-4.305985064777966898e+01
-6.837756683387173950e+01
-8.555742345262068227e+01
-7.678919249257070589e+01
-9.095489303040660900e+01
1.795633162156271112e+01
-8.205811977295751092e+01
-1.045465051011770043e+02
-8.242010505344916282e+01
-6.979776041187966484e+01
-9.449375309346281426e+01
-7.763418281594974246e+01
-7.546578825134756130e+01
-8.964176155933114387e+01
-7.927436928296368990e+01
-5.670461024255549631e+01
-6.550568124766132883e+01
-9.908463109178731543e+01
-8.846320935893430715e+01
-3.644608998808217137e+01
-7.922725990548650543e+01
-8.235418900741319703e+01
-8.400544473313694027e+01
-1.066929211325787605e+02
-3.925681403806019887e+01
-7.943164083065764203e+01
-6.322238512862175241e+01
-7.483682762708227187e+01
-9.144328729008121570e+01
-6.109366092669041848e+01
-7.376889020732701852e+01
-5.896564692609689473e+01
-1.064887315994099737e+02
-5.666365843809892766e+01
-8.145168774572763937e+01
-3.287415573598208596e+01
-8.131884956106483742e+01
-7.168660381911145407e+01
-8.318437477477357334e+01
-6.285837316146634635e+01
-8.128355753986903665e+01
-6.932991166870540667e+01
-8.287118469570158652e+01
-7.234527734275137334e+01
-7.618767208947491554e+01
-7.780433113888645380e+01
-9.274023479591571117e+01
-5.576755458285371958e+01
-9.637778102963548577e+01
-5.880800035351602872e+01
-1.124234986074952758e+01
-9.048463901869845927e+01
-6.526283188427153448e+01
-9.331581350089854254e+01
-8.735818757547944813e+01
-7.427245970789047647e+01
-7.599129104896530862e+01
-9.747539650567951242e+01
-7.582082642588252952e+01
-7.017491210392697099e+01
-7.988334715367683714e+01
-8.438648896465740279e+01
-8.390367602653148538e+01
-9.459795309627715199e+01
-8.364235738555395017e+01
-9.649208353262385174e+01
-7.380116143715046917e+01
-8.224511152824493365e+01
-8.612516172666627767e+01
-8.420160507285076790e+01
-3.727673013984504991e+01
-6.301668509891459991e+01
-8.957667514605769554e+01
-7.110112684774922798e+01
-7.069535778305353801e+01
-9.601987359083769036e+01
-1.036661082498200415e+02
-8.453030274901460928e+01
-7.292824435376263636e+01
-8.630435489497916990e+01
-7.651590787359909029e+01
-7.244232903847739635e+01
-4.437826661042426935e+01
-7.586707833381736066e+01
-7.486398994303242205e+01
-1.013413612102221748e+02
-8.289383490859624715e+01
-8.320448277006319415e+01
-9.632929006231981361e+01
-7.884448044957682100e+01
-8.948009796675972893e+01
-7.847222935139627964e+01
-4.052793988266234493e+01
-7.332423015298292057e+01
-9.100402384020146940e+01
-9.352743458975839985e+01
-9.330465893174729786e+01
-6.589121163353601673e+01
-9.075081244219830978e+01
-7.897435426935820146e+01
-8.508095528222403914e+01
-7.732275123009023332e+01
-9.707314750330715469e+01
-8.554833967238995740e+01
-4.400835672997256154e+01
-6.733055532259893994e+01
-8.120920080084590609e+01
-1.021236116237437699e+02
-6.066901657860006480e+01
-6.301388592977692582e+01
-6.627164648370381883e+01
-2.115589248229460395e+01
-8.278567362385769002e+01
-7.871597729406394706e+01
-8.453817622580703528e+01
-5.149968583571369152e+01
-7.537414650943411232e+01
-5.469385804378678984e+01
-5.968052913572059026e+01
-6.206972701506260393e+01
-6.045937526036068022e+01
-5.870871414070933270e+00
-3.947043726774258943e+01
-4.144467247092534024e+01
-7.668816427410109782e+01
-9.194346632524388951e+01
-7.360333584878812019e+01
-5.726487713518383060e+01
-7.309955511410183249e+01
-7.110917378733205396e+01
-7.717659624044620159e+01
-5.594764149506112005e+01
-7.834696831459113753e+01
-8.237648188251998249e+01
-4.791306206085876340e+01
-7.961045580686121070e+01
-9.012689349017009022e+01
-9.583544496784674038e+01
-8.463388304789037875e+01
-7.365704468855949472e+01
-9.762684803953723645e+01
-9.044312933854325820e+01
-9.570517475271581986e+01
-5.244621627361601668e+01
-8.064510644103023651e+01
-3.091223945765020176e+01
-9.902575859347450660e+01
-1.004597711835942846e+02
-8.160660835412629410e+01
-5.596704277215278012e+01
-7.758938402304295323e+01
-5.518586683865331821e+01
-6.818091557068241571e+01
-8.787181059847392817e+01
-3.191686939426432446e+01
-8.351641987461023575e+01
-9.401650599200686997e+01
-4.743612189530675494e+01
-7.399076361204134855e+01
-6.180565936818257455e+01
-8.234393656398756889e+01
-5.687993301416244663e+01
-7.585021482783052704e+01
-7.633218338868945807e+01
-9.985601318186306230e+01
-8.310648083056064195e+01
-6.122514458206343591e+01
-6.687889055513738867e+01
-8.373286860278419397e+01
-6.190433592600695789e+01
-2.770744007842314716e+01
-6.905274801968570841e+01
-1.031272258548646477e+02
-8.339755169816888269e+01
-7.544198174439860338e+01
-8.688933354020085176e+01
-8.239991091810142620e+01
-3.241530118318168263e+01
-9.971297255428662254e+01
-1.012514456124696238e+02
-6.417204917116700358e+01
-5.942501003053560993e+01
-8.243186901782192422e+01
-6.122798743382136877e+01
-7.450139374817585747e+01
-7.397303345495311078e+01
-6.352737024014880518e+01
-1.018529376286937662e+02
-8.084644716050243574e+01
-8.133860944803734583e+01
-5.650415977845255355e+01
-9.022826635311460564e+01
-5.817391486713633952e+01
-8.962698794100063537e+01
-8.196789943546889390e+01
-8.752334033135323921e+01
-6.947908163886742727e+01
-7.450436805076904534e+01
-7.883904438137956561e+01
-5.964777955245982355e+01
-9.697619067889445432e+01
-1.028747361521486994e+02
-9.792483532939601787e+01
-1.040451767261974823e+02
-8.631314040076972560e+01
-6.105132160837591471e+01
-8.327516091780792351e+01
-5.508409426175296630e+01
-8.088559049772756282e+01
-5.491201351945802855e+01
-7.218428712020065063e+01
-7.299364347144840792e+01
-7.866438681178749448e+01
-1.011374770671351797e+02
-3.419857889783958171e+01
-6.810265458831987928e+01
-1.009279551649292301e+02
-7.901783564136479754e+01
-6.519572059054783608e+01
-7.638360016037103151e+01
-7.349760564481508140e+01
-1.110046181166625985e+02
-2.558070829103576216e+01
-8.012265801794487174e+01
-4.630854328161660760e+01
-1.024380759129213487e+02
-4.677822343502562319e+01
-9.961920992036665723e+01
-3.357223142619032785e+01
-1.000926224700056366e+02
-8.856470849131532930e+01
-9.079228250116838694e+01
-9.814454841536100105e+01
-8.303160292183552826e+01
-7.262718155926370400e+01
-6.402882012235441778e+01
-7.813495079799471910e+01
-6.999280098230795488e+01
-9.378270203672575178e+01
-9.471129962843968997e+01
-7.401616458048061986e+01
-6.670190393876617918e+01
-6.804665127250882506e+01
-7.379720897093821463e+01
-9.423340424425585127e+01
-7.421417559907902728e+01
-7.993100686135143462e+01
-5.064248768049684912e+01
-9.961223229608930296e+01
-4.490011266999622563e+01
-6.220330473663452153e+01
-6.820354559211162382e+01
-8.178958035130672499e+01
-1.033200099291540397e+02
-8.847012348616152622e+01
-6.455670864060748215e+01
-5.196840463144606304e+01
-5.417894929706545071e+01
-7.701096671077947065e+01
-9.368801631656208428e+01
-1.195204968626087805e+01
-1.027838314996744060e+02
-8.152483096030309184e+00
-7.737744711992300495e+01
-7.663856195375031177e+01
-6.267182994351924918e+01
-8.414274986261108324e+01
-8.252818024816269826e+01
-6.681758397817426953e+01
-8.291701527569084362e+01
-8.756304119268737907e+01
-6.604272354571557457e+01
-9.926078798954294768e+01
-6.700657864028593735e+01
-9.117179345045420291e+01
-9.445034139549710517e+01
-8.004969641424582960e+01
-6.632320536605323014e+01
-4.637237512525630478e+01
-4.736332578556928752e+01
-8.161779465535593658e+01
-2.842871103955010881e+01
-5.423488454181710239e+01
-9.259807519916080309e+01
-6.738866979577741745e+01
-8.987379899140537987e+01
-6.348270839766852447e+01
-4.843782393412825371e+01
-9.498501411877067824e+01
-8.971578159026537946e+01
-9.777746400639779267e+01
-9.130812197257900209e+01
-8.467757943668613052e+01
-9.671727930204224322e+01
-8.043567043619223966e+01
-8.564853672661627115e+01
-5.652408174216325421e+01
-6.333272394557859997e+01
-4.529956528698337337e+01
-8.022971978914743829e+01
-9.646062154102465058e+01
-6.537006771074499056e+01
-1.032900332577534783e+02
-7.837320206990156635e+01
-1.019927960438732697e+02
-8.705261078534911690e+01
-7.272614797505730166e+01
-9.126748083728412553e+01
-9.129626009280454468e+01
-9.408737086405531613e+01
-1.029043299155710400e+02
-8.236028358788821890e+01
-4.508286993541567256e+01
-7.668648065301314887e+01
-8.235198817009859340e+01
-7.199537427599830153e+01
-9.243863158644278144e+01
-7.787743297031880729e+01
-7.943297512866971033e+01
-2.820199251373517768e+01
-6.535590477599704684e+01
-9.739115665706673042e+01
-8.395761211506331279e+01
-7.649199000640450663e+01
-6.647021944623560330e+01
-8.819090434581184468e+01
-5.122023490698448711e+01
-1.004006357118067996e+02
-6.929649730195133372e+01
-7.422453991816442453e+01
-9.684119424936244513e+01
-5.446997713042284062e+01
-9.426598485900640867e+01
-8.070408364000789447e+01
-9.443937192129918401e+01
-8.136500408531070150e+01
-5.441690035365832045e+01
-6.441124563302979311e+01
-7.232380667632386917e+01
-9.014974381984704621e+01
-9.878600578265054821e+01
-9.987471105546312344e+01
-9.821984086261177538e+01
-9.483896772942419773e+01
-7.979504116325703933e+01
-7.396703226656657648e+01
-7.390752398221191299e+01
-4.968254792196349712e+01
-8.171104478052760101e+01
-7.490150312374404962e+01
-7.571814514171838084e+01
-6.192438583739148328e+01
-7.741291205814080456e+01
-8.197423508825683314e+01
-4.903339490127975608e+01
-4.397020402746858991e+01
-6.481113178560812571e+01
-4.990702977203901014e+01
-1.062477747878123466e+02
-4.672819418801693558e+01
-9.002701923594972300e+01
-7.808827545043749296e+01
-7.049497004418348922e+01
-8.735957763083447958e+01
-7.775925502194452577e+01
-4.985527730203769892e+01
-9.703535403523220282e+01
-6.528497703388276818e+01
-7.484785121148902931e+01
-1.022229310387492944e+02
-7.391562655817955374e+01
-8.046233110846713998e+01
-8.076127380741516504e+01
-8.732965188756811870e+01
-8.318041458844470526e+01
-7.891610657337693624e+01
-5.488847279768253173e+01
-9.800284387567543831e+01
-8.632227259307853728e+01
-6.600092027561251484e+01
-6.889112701250552107e+01
-6.203310260657169550e+01
-7.959734167719136622e+01
-8.116483521281540447e+01
