-1.081574887295024467e+02
-5.035359262558834104e+01
-1.194554201574810435e+02
-1.074528213093649640e+02
-1.059941135206577485e+02
-2.088823106766555782e+01
-9.160160012219937187e+01
-1.019939703266223177e+02
-1.058357301379207627e+02
-1.203240824570780632e+02
-9.982603912561052084e+01
-9.350832980395782101e+01
-1.486173714980762384e+01
-1.054637233121601128e+02
-1.081987271355174869e+02
-8.922206950974080542e+01
-2.427712373133456580e+01
-1.031496304784770359e+02
-1.047681301197810200e+02
-2.127026863462850059e+01
-1.063870601142921828e+02
-1.190884782344215864e+02
-1.099924563286541144e+02
-1.087161800478234568e+02
-1.196674033401395434e+02
-1.012831894853346739e+02
-1.090439685088074100e+02
-1.035972288800678172e+02
-3.423233979724747655e+01
-9.992879173423060024e+01
-1.074009279416124940e+02
-3.326355699780776831e+01
-1.098351945647316228e+02
-9.869265505973345398e+01
-9.738319393111126487e+01
-1.213915932132874786e+02
-1.186699911144590942e+02
-1.042080327467427452e+02
-9.802119346579726766e+01
-2.318393163671594692e+01
-1.134590634992776756e+02
-1.484992956484354920e+01
-9.752714894776107712e+01
-1.085948934618195807e+02
-1.044622770351478636e+02
-1.038719773924956229e+02
-1.140522411633111801e+02
-1.027644162302949553e+02
-8.743708890758237828e+01
-1.046048814022832687e+02
-9.920536088913551964e+01
-1.007722407119270969e+02
-9.969335145910613960e+01
-1.057665823393526097e+02
-1.134363348168849654e+02
-1.053760695841965855e+02
-1.070881456863980929e+02
-1.049464631130308163e+02
-1.029383622264485894e+02
-1.045376810483813728e+02
-1.149746988997146104e+02
-1.024232773038577164e+02
-1.040642458222290827e+02
-1.007435891962886245e+02
-1.009370604156835327e+02
-1.227703797167521174e+02
-1.000355763401370837e+02
-9.954630330184347997e+01
-1.145986999705492480e+02
-1.038583479791104480e+02
-9.569005104263841588e+01
-9.933605041412353387e+01
-1.007347139535806519e+02
-9.566453957559032517e+01
-1.021108427235458862e+02
-9.945502124168454827e+01
-1.028551554249785909e+02
-1.069659405322994274e+02
-1.097095431293216024e+02
-1.128647141297335281e+02
-1.048126960054960790e+02
-1.012512996254953066e+02
-9.921346679703034965e+01
-1.046882888916803580e+02
-9.703630422982624282e+01
-1.049375012287540159e+02
-1.173865873452226936e+02
-9.364183054302542075e+01
-1.037735878763076727e+02
-1.187962193520601204e+02
-1.023062315220635128e+02
-9.433750860927008830e+01
-1.063648643548100239e+02
-9.555377402356444350e+01
-1.017185943862013886e+02
-9.920521935031537453e+01
-9.685371245241822180e+01
-9.773883603877692394e+01
-9.468860766440649002e+01
-1.020929536697417888e+02
-9.514358493592581567e+01
-9.918458422330111546e+01
-9.624217629948039132e+01
-9.454506959896406215e+01
-9.331372300221691773e+01
-1.000561923490329690e+02
-1.028965138000212391e+02
-1.057913451065610246e+02
-1.003201463124169663e+02
-1.010843636142466266e+02
-1.004918658213043017e+02
-1.066124583661261909e+02
-1.032425547582407148e+02
-9.871678195083295293e+01
-9.670908479835989624e+01
-1.234636154166221047e+02
-1.047024393182256574e+02
-9.868713334499996392e+01
-1.014417259537485165e+02
-1.151183623213540699e+02
-9.909997829743626596e+01
-9.665242697380813297e+01
-9.652378656988835814e+01
-1.062649215006799750e+02
-9.423214852018647036e+01
-1.004734606870272131e+02
-1.030728474729681068e+02
-8.985829574857399393e+01
-9.382595157941088360e+01
-9.833806363836252729e+01
-9.541457265962040424e+01
-9.994332763546397302e+01
-9.864017324483485538e+01
-9.736038610229549306e+01
-1.023470673973883009e+02
-7.967455511219590392e+01
-9.601960507135311218e+01
-9.957403091066194634e+01
-9.632208705950337446e+01
-9.683327552563537211e+01
-9.174579651021666393e+01
-1.035836802799703378e+02
-9.971806026999226447e+01
-9.626991085966591299e+01
-1.020914894539875917e+02
-9.022868193460085706e+01
-9.564398077295206235e+01
-1.106216208845257256e+02
-9.731625950435926597e+01
-9.678908875500307829e+01
-1.017279566227461203e+02
-9.575068555827753869e+01
-9.313263792787876127e+01
-9.351739020911631428e+01
-1.001760579454742270e+02
-9.704662175991789752e+01
-9.832602633956057048e+01
-8.978568234859862685e+01
-9.340741725153655750e+01
-9.793217593784261510e+01
-9.684689302805111311e+01
-9.706183436410462662e+01
-7.955627072754688811e+01
-1.002037210714146624e+02
-9.756228115185197680e+01
-1.009776053970955303e+02
-9.465678248182918253e+01
-9.390664449172884076e+01
-9.985702369925249400e+01
-9.651597681987153976e+01
-9.534642434101537845e+01
-9.262456442385160926e+01
-9.646360234799851696e+01
-9.322230515846568721e+01
-8.900694289624823341e+01
-9.402597057467067998e+01
-9.404825280748710270e+01
-9.385615632428884680e+01
-7.784938320063380957e+01
-9.573730812209819874e+01
-9.513178808595405656e+01
-9.577229695063330439e+01
-9.267343775967181330e+01
-9.771958527029276809e+01
-9.778534470324760264e+01
-9.943934995081717432e+01
-9.146514064131852706e+01
-9.799431381826441623e+01
-7.984617802510257434e+01
-9.781996038132480464e+01
-9.689468039118197851e+01
-9.374422872566695730e+01
-9.702218064531768960e+01
-8.900358096197349766e+01
-9.509910028986004704e+01
-1.001548144429090144e+02
-9.638425540470709052e+01
-9.457241835025584464e+01
-8.063770998425997050e+01
-9.729165165731737375e+01
-9.291568894297716952e+01
-9.327787284112845612e+01
-9.582705734437726619e+01
-9.479634006904936427e+01
-9.830907597224009464e+01
-8.385667682155613534e+01
-9.004878576144551516e+01
-8.612749703860839645e+01
-9.138195681498071110e+01
-9.199115623259737617e+01
-9.304200421895923512e+01
-8.966478032948148780e+01
-1.013675745901232688e+02
-1.044494270459107099e+02
-9.401415224388735226e+01
-9.204482506185723878e+01
-9.182926327913543219e+01
-8.531084217593985386e+01
-1.001183232843989259e+02
-8.671713176154689506e+01
-9.335252991409541323e+01
-8.825816175764734339e+01
-8.746411301904268498e+01
-9.175658222398072894e+01
-9.418570260537046579e+01
-7.506485923543206695e+01
-7.932037076976907031e+01
-9.883058143804976226e+01
-9.647739955609721108e+01
-9.621002403297750050e+01
-9.508923727997117226e+01
-9.705620851087557810e+01
-9.468829905193315710e+01
-9.642998029363718615e+01
-9.204942111664007598e+01
-9.515666300286794410e+01
-9.679924430718577355e+01
-9.878896940831906193e+01
-9.386118306290941860e+01
-8.808056495063667057e+01
-8.673758999360485689e+01
-9.366383146757895872e+01
-9.074772737138593470e+01
-8.124921856343831905e+01
-8.302768795501725663e+01
-8.617985342455484954e+01
-9.640127871571307594e+01
-9.275730513598189475e+01
-8.921633019025351530e+01
-8.796357889256120188e+01
-8.922428294122974535e+01
-8.724168965360333061e+01
-9.079337301467671750e+01
-9.383618936786064069e+01
-9.154141371077210465e+01
-9.687432979503564923e+01
-8.778596031181649550e+01
-9.072321493304987428e+01
-8.985248603298637704e+01
-9.499557458933739440e+01
-9.417448434052232642e+01
-9.436580934312303270e+01
-9.343592216106841875e+01
-9.166849907101294548e+01
-1.216645775672054981e+02
-9.795654504965915521e+01
-9.200492886286781413e+01
-9.865082058941813159e+01
-9.248375967892131655e+01
-8.916701244054665665e+01
-9.364984965405777473e+01
-9.750593509920294366e+01
-9.005828918753850587e+01
-9.247741569480116652e+01
-8.653452713362568716e+01
-9.031631447502881826e+01
-9.764580116082483130e+01
-9.234476299982713954e+01
-8.163634631881632231e+01
-9.194250388955389042e+01
-8.579389278117356810e+01
-8.951724355760647711e+01
-9.158955551519673577e+01
-8.543676490713598071e+01
-9.495574557136824012e+01
-9.692130255404073580e+01
-9.161148108203251184e+01
-9.533737945895937571e+01
-9.418879740069348827e+01
-9.706334415228350565e+01
-8.614827706922969242e+01
-9.002637142189583130e+01
-8.960083830035156893e+01
-9.421822691226141444e+01
-9.990703999483976361e+01
-8.923451766521172601e+01
-9.433702445214787247e+01
-9.294284754746220756e+01
-8.710302927127585804e+01
-9.746769193404094267e+01
-8.989340692163369795e+01
-9.739127640163857791e+01
-9.290355167589258656e+01
-9.508035292221593693e+01
-9.125463342733624472e+01
-9.415885888622094058e+01
-9.295757648945989615e+01
-9.499392253821484644e+01
-9.241123820458629723e+01
-9.473597317968457787e+01
-8.983275381054339448e+01
-8.833994223670197243e+01
-9.847310542868622463e+01
-9.457706900420178897e+01
-9.514653297358231043e+01
-8.995164395886220632e+01
-8.939522789042543138e+01
-9.411568836102884461e+01
-8.648438238483970508e+01
-9.544332387226492642e+01
-9.085249499257659522e+01
-8.982523180437752330e+01
-9.255649573425856147e+01
-9.399547265915352057e+01
-9.254463373800869874e+01
-9.209040398407819339e+01
-8.518684908050285287e+01
-9.626744524806075276e+01
-9.474951400497882048e+01
-9.292111344412516871e+01
-8.534838860871889210e+01
-8.669874424213121245e+01
-9.289102139548330683e+01
-8.723996261468992941e+01
-8.973139605120867657e+01
-9.005817806107209833e+01
-9.053088816540632422e+01
-9.174931653471205095e+01
-8.589614524649904581e+01
-9.434815329799828021e+01
-8.859705402742471847e+01
-9.222960374245218418e+01
-9.010514991969937171e+01
-9.181025232272577341e+01
-9.356554182729868785e+01
-8.828275997771582695e+01
-8.739465113615706571e+01
-9.315236208494766856e+01
-8.771458285019869550e+01
-9.847077939335116525e+01
-9.418877775449981016e+01
-9.290064163905273631e+01
-8.436326883311990343e+01
-9.122103423682852963e+01
-8.952929969565298052e+01
-9.419012693743181330e+01
-8.779424879987523411e+01
-8.621320724503594590e+01
-8.967740654394711441e+01
-8.930577206288607783e+01
-8.559771376305185697e+01
-8.390394922625824847e+01
-9.269370608492067731e+01
-8.563804842041776055e+01
-8.291668142389893603e+01
-9.939714619655870820e+01
-9.889961928699564453e+01
-9.385346863655527727e+01
-8.930378946912007621e+01
-8.627430763054941565e+01
-9.231720099810998192e+01
-9.436403733912005976e+01
-8.709018820165157138e+01
-8.995021595545350124e+01
-9.216489702674989815e+01
-9.774146308116111470e+01
-1.258602199312210814e+02
-8.754304420135801479e+01
-8.919681711320501449e+01
-8.724591037642424851e+01
-8.977817613032995325e+01
-8.532003552892457776e+01
-9.017953005177675152e+01
-9.976156720373226960e+01
-1.026102145478241141e+02
-8.988672994930881543e+01
-8.832947882158815389e+01
-9.041273799738044659e+01
-8.888015950055152814e+01
-8.670617484466097835e+01
-9.479372102367068464e+01
-9.027813726830551389e+01
-9.021784777449815351e+01
-8.898556178517978310e+01
-9.460929156352538882e+01
-8.933843331186393755e+01
-8.999663458770253044e+01
-8.931171084479353794e+01
-8.510938867652421891e+01
-8.830208404798213451e+01
-8.361438831243188474e+01
-8.411970506469508280e+01
-8.847802438620095700e+01
-9.509028689315357497e+01
-9.091432060370971158e+01
-8.663185625235109910e+01
-8.347741703126501989e+01
-7.686832094702440088e+01
-9.182047098370765070e+01
-8.381475721235662490e+01
-8.169257420368468559e+01
-8.294026596872664925e+01
-9.300853373099859311e+01
-1.003663984220171272e+02
-8.257476879135244019e+01
-5.045311073221721898e+01
-7.930686576174301194e+01
-8.622597447828387374e+01
-8.533971702701843753e+01
-8.261178884105875397e+01
-9.026984059632869162e+01
-8.031510997999464507e+01
-9.415548518426622593e+01
-8.738594028734857488e+01
-9.801419961763595268e+01
-9.003513873226586384e+01
-9.510833026726609774e+01
-9.036370287863250894e+01
-7.656298656971483751e+01
-9.641857256598594006e+01
-8.752276494684201680e+01
-7.073112780271249278e+01
-8.229669859001870691e+01
-9.516569762086085404e+01
-8.334657824747932864e+01
-9.356878821564352222e+01
-9.037560154675881563e+01
-8.905172570416581834e+01
-8.137960685890620027e+01
-7.620916820087835220e+01
-9.955622645780901792e+01
-9.712496112670208959e+01
-8.805282860594495276e+01
-8.565968563344758024e+01
-8.856667809977894024e+01
-8.396752668179811963e+01
-7.636762341927270370e+01
-1.019694782767794834e+02
-9.560673769546552592e+01
-8.503136820288699482e+01
-9.929438873036207269e+01
-8.755887138953258386e+01
-9.079579563052894287e+01
-8.884401049507360426e+01
-8.297661853366810192e+01
-8.782491747035278706e+01
-9.534576580331676610e+01
-9.017459626652136251e+01
-8.883412374000290868e+01
-8.832235213159904674e+01
-8.826589252019920195e+01
-9.395055251830149246e+01
-8.995874857195730101e+01
-8.871378629761618129e+01
-9.494926485007023587e+01
-1.009426150034068854e+02
-9.659010866265155926e+01
-9.039169268587572503e+01
-9.567295332632004090e+01
-9.783946046576340905e+01
-9.725883140616994638e+01
-9.822809697957164587e+01
-9.867114124688436050e+01
-8.973735935632068106e+01
-9.490100476609049451e+01
-9.983402980526612680e+01
-9.167513399154614717e+01
-8.954737090589775050e+01
-9.315098793486899353e+01
-9.199118775553066030e+01
-9.051553209526034038e+01
-9.970629965804273809e+01
-9.860667795019485027e+01
-9.243185843127429280e+01
-9.223594512952023194e+01
-1.004092172954096185e+02
-7.473917677904304924e+01
-9.159348027920705704e+01
-9.038389443617546704e+01
-9.168158301109555453e+01
-9.201767628748629591e+01
-8.767974630185224783e+01
-1.035918478038005759e+02
-1.032738092294393510e+02
-1.019328286711241702e+02
-9.920499049909793143e+01
-1.058550033587750505e+02
-1.028227386484241350e+02
-9.765208742775121209e+01
-9.599326518478443404e+01
-9.513047336040365565e+01
-9.347552405195384040e+01
-9.324607655491978164e+01
-9.729076155502890799e+01
-9.017224503701606864e+01
-8.850917181515139021e+01
-9.557820158679838585e+01
-8.638230257417998814e+01
-9.090595739136064424e+01
-9.101028979147719156e+01
-9.601380532012049684e+01
-9.252213014444416217e+01
-9.535188968208157689e+01
-9.131803814617411774e+01
-9.301118556954563132e+01
-9.273037990262241692e+01
-7.144281563140100388e+01
-1.012672681723521606e+02
-7.965103668872629328e+01
-8.738641303310483011e+01
-8.217094918648562896e+01
-9.080934414260522658e+01
-9.503052022100905560e+01
-9.556585669309900766e+01
-1.000388386142028452e+02
-9.394185512455521803e+01
-7.241912554283780423e+01
-9.940514751737683241e+01
-9.651715462736787288e+01
-9.713911039088584687e+01
-9.847353177624412979e+01
-9.782554510273934056e+01
-9.753097176676722313e+01
-9.650779632297351895e+01
-9.671298345208890623e+01
-9.363288679537130577e+01
-8.645949463313043282e+01
-9.398427283954711697e+01
-8.769115307692706551e+01
-9.832298643397895432e+01
-7.516734200734978799e+01
-7.766593865994731516e+01
-9.907959994543817572e+01
-1.028930420037107467e+02
-9.845412265844015565e+01
-9.767265639160352464e+01
-9.252853168878078804e+01
-7.589152641807999089e+01
-9.085268995880147713e+01
-9.505524383080124551e+01
-9.802852156675911033e+01
-9.511768246548513162e+01
-9.253317883365237151e+01
-1.039681381637027329e+02
-5.914115314499384368e+01
-9.147998619556555866e+01
-7.682578598954839322e+01
-9.228215407161252415e+01
-7.521507289578235600e+01
-9.582125652916067793e+01
-9.201974907760772737e+01
-9.369292413555628229e+01
-9.536852473618243664e+01
-1.033486587208855383e+02
-8.244368800478137871e+01
-8.434863144892463538e+01
-1.034755252030359429e+02
-8.598934048059334145e+01
-9.282667025132622030e+01
-8.656727293919762189e+01
-9.198758581861233097e+01
-6.512173078867991194e+01
-9.976079700637208703e+01
-8.153646664749061301e+01
-9.328751620744213824e+01
-9.292169335611805536e+01
-9.586897568938512393e+01
-9.045287954036461997e+01
-9.890126316548088425e+01
-1.039966381138139724e+02
-9.584028252962579586e+01
-9.579366549578688250e+01
-9.349941242460016610e+01
-9.643696059950148936e+01
-9.330661574524884827e+01
-9.590635277956975813e+01
-1.002911343222361040e+02
-9.838424273492488226e+01
-1.026108886774638336e+02
-1.022290455461732677e+02
-9.977171768381533923e+01
-1.002161084021712156e+02
-9.917096171919574488e+01
-1.086148110695829985e+02
-9.907309484226682628e+01
-9.625233692293969057e+01
-9.954297375735480102e+01
-1.019398112037465296e+02
-1.017320087229864498e+02
-9.659330273804144440e+01
-9.414074627363943648e+01
-1.020792788082720790e+02
-9.587854133231297737e+01
-9.656817990015180442e+01
-9.647185553563831206e+01
-1.024498473006173640e+02
-9.467667894006007145e+01
-1.008743031119873308e+02
-9.484190869472888608e+01
-1.022300653103517476e+02
-1.022804715485330007e+02
-1.021521436089200137e+02
-1.003504857734938724e+02
-8.617773236133091075e+01
-8.846727610291246435e+01
-8.989230208915780906e+01
-9.824680984291005359e+01
-9.726663359004469100e+01
-9.242362838486513965e+01
-9.869592638107113203e+01
-9.695622720251782312e+01
-1.006931853958162293e+02
-9.591470743283085199e+01
-9.709389487193233492e+01
-9.499197504253997693e+01
-9.860821236261871547e+01
-9.477400735266573406e+01
-9.482482688836368823e+01
-9.714553299256985497e+01
-9.559851163488468728e+01
-9.505204156856473219e+01
-9.775475696726098818e+01
-1.011564300082803669e+02
-9.692933825934409242e+01
-9.337583624269201721e+01
-9.474601796053634928e+01
-9.648969816444419223e+01
-9.258498135723698397e+01
-8.882924288745755348e+01
-1.022926717521167319e+02
-9.839023814380482236e+01
-9.803715112081302152e+01
-1.000078068680553400e+02
-9.725443314951762375e+01
-9.720729942680912927e+01
-8.501603082263002875e+01
-9.365363697308823987e+01
-9.597455486528966162e+01
-9.783148468618573190e+01
-9.638500271207948344e+01
-9.179455717858087382e+01
-9.764285568348974209e+01
-9.346985626317032825e+01
-1.005499174473787178e+02
-9.933131220431273789e+01
-9.362367372222544759e+01
-9.453730760247921694e+01
-1.000585710984574632e+02
-8.228579515059473692e+01
-8.470571801353082719e+01
-9.765067208698910406e+01
-1.016305420741067707e+02
-1.004948837207079606e+02
-9.571203875180596299e+01
-9.767342832944545705e+01
-9.903233430224683786e+01
-9.385869876899189990e+01
-9.930340975322754105e+01
-9.771551579612599880e+01
-1.013340286580533984e+02
-9.578718879281174736e+01
-1.028413400623652905e+02
-1.002470123740875323e+02
-9.991958910096981583e+01
-9.726160163680232529e+01
-1.011480712850976431e+02
-9.953165920608358874e+01
-1.013022982772426985e+02
-9.930779773027188639e+01
-1.030435936782482855e+02
-1.012693576342342254e+02
-9.707639260098049760e+01
-1.001974519914293893e+02
-9.981647593548346720e+01
-1.019249473034079188e+02
-9.759916685301108430e+01
-1.010583540197538639e+02
-1.007999339765288909e+02
-1.033658329860119522e+02
-9.179117001425920819e+01
-1.023194470370688123e+02
-9.487116125489328056e+01
-9.495712512746993639e+01
-9.320826095094083996e+01
-1.012083165881897315e+02
-1.018161635489170038e+02
-1.045430518536836786e+02
-9.513798413839406010e+01
-1.014995154279692997e+02
-1.047415658467751598e+02
-1.056752956930219511e+02
-9.807621539689881729e+01
-9.578868108776651979e+01
-1.000313078733802143e+02
-9.182190480442773151e+01
-9.818488542897767957e+01
-9.386674809753426985e+01
-9.882586926848793496e+01
-1.007321266929312742e+02
-9.708486839813423330e+01
-1.003090696231329275e+02
-9.972581352327397042e+01
-1.044318429616105703e+02
-9.126466887631279690e+01
-9.880437909439901034e+01
-9.240128187374583035e+01
-9.894012790578769057e+01
-9.724774631002586034e+01
-1.005222506271759357e+02
-1.030078344062149540e+02
-1.021788631584054059e+02
-9.942196123361767945e+01
-1.005081954850249559e+02
-9.988425268607599605e+01
-1.009545891493659440e+02
-9.912039792481812128e+01
-9.769832069752685300e+01
-1.037409117662817408e+02
-1.011823850109415019e+02
-1.033488807518871369e+02
-9.885041998610765290e+01
-1.029047456068421695e+02
-1.028786420505792165e+02
-1.010170860778942767e+02
-1.039195458375735370e+02
-1.014379999652782800e+02
-8.957389279142044813e+01
-9.850468768752888593e+01
-9.934229488220746873e+01
-1.011600506258280774e+02
-9.890781499292333478e+01
-9.793280435824706842e+01
-1.016122461958103003e+02
-9.676990298970117976e+01
-9.230640643153765268e+01
-1.066939427648564305e+02
-1.088900022860664336e+02
-1.059045421185622899e+02
-8.682456207392277747e+01
-1.014986519841469033e+02
-9.556905168692883024e+01
-9.418501963039281577e+01
-9.829836438453347114e+01
-9.513557188899306993e+01
-9.482646439977642672e+01
-9.791388314222663780e+01
-9.241036640608348307e+01
-9.829853146038260547e+01
-9.865411884577136448e+01
-9.949249055805319131e+01
-9.070383248813337218e+01
-9.809585031980213898e+01
-9.827409499702433493e+01
-9.573274471913768480e+01
-1.014197960213094376e+02
-9.673056521757078485e+01
-9.024508157528073582e+01
-1.009277464670542770e+02
-9.535990414134312232e+01
-9.973000610445269842e+01
-9.968998625944416858e+01
-1.032121736915494807e+02
-9.737225747318743174e+01
-9.793866706955098778e+01
-1.016259418889651585e+02
-9.491456011325107056e+01
-9.564294912737292975e+01
-1.016570976578099703e+02
-9.363919233161769284e+01
-1.033822293183954457e+02
-1.033828990502477723e+02
-9.768809852758171530e+01
-9.647944049737039052e+01
-1.026918396361970451e+02
-9.542325237373242430e+01
-9.282887872041689548e+01
-1.023368963847719613e+02
-8.447171769896441162e+01
-9.122964264829751357e+01
-9.140896423942641036e+01
-1.030209839027307055e+02
-9.953801822415194067e+01
-1.037934170150129916e+02
-9.458046138079053833e+01
-9.423246512481205173e+01
-9.431418774229179292e+01
-9.741413708602394195e+01
-1.002947894434706910e+02
-1.001505512453094440e+02
-1.007298397929353371e+02
-9.635172430321539139e+01
-9.293024633516162680e+01
-9.507768045258275436e+01
-9.018696537613836028e+01
-9.546674004613811348e+01
-1.016121851942278624e+02
-9.324372881904275800e+01
-9.491580760619618218e+01
-1.042948005812571211e+02
-1.001715902283956723e+02
-8.838939093833334937e+01
-9.263718679420905744e+01
-9.795086775656331213e+01
-9.707585489102959286e+01
-9.185050978142385247e+01
-9.532297427561159964e+01
-8.781434705011713504e+01
-9.485003035024642770e+01
-9.582900913769960027e+01
-9.869808860512155491e+01
-9.208329137668785336e+01
-1.027009612077060297e+02
-9.404078397983857940e+01
-8.929396983910984886e+01
-9.461942889048640382e+01
-9.572585534909434557e+01
-9.354259549833558651e+01
-9.755240220946384966e+01
-9.351629268647970150e+01
-9.437361611963531516e+01
-1.100051311934670366e+02
-9.952389499063846756e+01
-9.689739295422450027e+01
-1.028047194818212091e+02
-9.463064522154090241e+01
-9.610104804078005714e+01
-9.982687726673377426e+01
-8.232271447900112094e+01
-1.092931327441992693e+02
-1.103292086779718773e+02
-9.965145702380853265e+01
-1.001037874758228270e+02
-1.038362967842392806e+02
-9.900067274645064686e+01
-9.476156155495212374e+01
-9.928832215147856743e+01
-1.015353090099162046e+02
-9.981302947232342149e+01
-9.971904309400522948e+01
-1.086107961144460603e+02
-1.001170993134834504e+02
-9.476642734233726628e+01
-9.408066926671891395e+01
-9.587232759449432251e+01
-9.204433481526500316e+01
-9.895256618203690380e+01
-1.035649570750941706e+02
-9.820398534187266648e+01
-9.221331224492526246e+01
-9.708877509480674917e+01
-9.929083071285567996e+01
-9.579507366031063498e+01
-9.655387725861500314e+01
-8.934121178880873515e+01
-9.376593671354358150e+01
-8.168881587759496199e+01
-9.388962887717465833e+01
-9.189136074039815583e+01
-9.997089491039677966e+01
-8.702930859528724739e+01
-1.067158747258201146e+02
-9.488725191607075260e+01
-1.033770526116866648e+02
-1.052417992577179007e+02
-9.733024367915028563e+01
-9.609884838736449808e+01
-9.811188609650959336e+01
-9.565307728338110849e+01
-9.868559457788519751e+01
-8.005904584369619670e+01
-1.007674638971682128e+02
-9.981905583609741939e+01
-9.871772084938416469e+01
-9.424352002694946862e+01
-9.666640894096759951e+01
-8.969320496405457277e+01
-9.772871150803116791e+01
-9.825257059795512760e+01
-9.324614827729593003e+01
-9.513496620052301012e+01
-9.441957461536647145e+01
-9.551030207932937799e+01
-9.746589706589448099e+01
-9.394486877940060765e+01
-9.471722269541801609e+01
-8.816385101546364922e+01
-9.268725039876642313e+01
-9.741373591886657834e+01
-9.900673805891717905e+01
-9.564545569794604774e+01
-9.648007526826582136e+01
-9.531314355263225480e+01
-1.025304028937458298e+02
-9.512155303757442937e+01
-9.999767288889852068e+01
-9.173635770571338810e+01
-9.600183635319680775e+01
-9.474638530532816105e+01
-1.013230052528905105e+02
-1.003928183891362238e+02
-9.336896607929458014e+01
-9.584038329599545136e+01
-9.744856022843292465e+01
-9.587352386692236905e+01
-9.601080965076016582e+01
-9.725241226529035998e+01
-1.031329167817772827e+02
-9.384312810192496102e+01
-9.994735693815451327e+01
-1.016260603661101243e+02
-9.150630143214307566e+01
-9.528515738759669773e+01
-1.006052367979306581e+02
-1.033330091304272145e+02
-9.710083913643252629e+01
-9.194051343432171564e+01
-9.438336249911353093e+01
-1.063015443575853709e+02
-9.716993824411323999e+01
-9.928833186074299988e+01
-8.125856702447524071e+01
-9.173407829640612476e+01
-9.256379508463528794e+01
-9.186960114930612065e+01
-9.512593406715960498e+01
-9.690069239587603533e+01
-9.711269797495732803e+01
-9.576439439903596451e+01
-9.664709048427897642e+01
-9.233674315157894341e+01
-9.790264947437808019e+01
-9.250432605053502755e+01
-9.097978120761506204e+01
-9.445412012140032232e+01
-9.411144994241944062e+01
-8.958730699478033443e+01
-9.556745768049525225e+01
-1.052788552035013083e+02
-9.735857709042446118e+01
-9.037048270669237127e+01
-9.648915371264371288e+01
-1.023790599921064057e+02
-9.841025331407179522e+01
-9.672571639417144240e+01
-9.502575906347867374e+01
-1.056775206687934769e+02
-9.776262160212667141e+01
-9.761533058475789915e+01
-9.572171071044398616e+01
-9.027032407286628768e+01
-1.084237071374692505e+02
-9.140057522377506416e+01
-9.220205046392919712e+01
-9.825070280247607002e+01
-9.318242543247953336e+01
-9.888048783800866204e+01
-1.240871411664602135e+02
-9.348584897016534967e+01
-9.851038656092589463e+01
-1.282970354001834608e+02
-1.076183133826692000e+02
-1.044184960680121037e+02
-9.648005451036661384e+01
-8.956408846309348348e+01
-1.047023287970953760e+02
-9.807250528617554153e+01
-1.020033512210675468e+02
-9.837174441948046422e+01
-9.799503098561355330e+01
-1.097640117417629853e+02
-1.026343954625214678e+02
-9.781388714709618171e+01
-9.483439624515621347e+01
-9.751501097320827682e+01
-1.038852358966383065e+02
-1.062667056577591040e+02
-1.064337727820012844e+02
-9.739504383811134858e+01
-9.658168575308690151e+01
-9.770398075286477990e+01
-9.917833005472310504e+01
-1.056986746801516972e+02
-1.035615434321124582e+02
-1.054903669153553238e+02
-9.901294572513583603e+01
-1.010194608007136878e+02
-1.115554933976147538e+02
-1.037452781000729658e+02
-1.244788701360782142e+02
-1.206452509810903564e+02
-9.754993078021254860e+01
-1.046587212744697553e+02
-1.235760630986706019e+02
-1.049344872730195704e+02
-1.077248525449582388e+02
-1.127861840081051668e+02
-1.204413843970047537e+02
-1.028137603060987999e+02
-9.989050779516736611e+01
-1.001184552509605226e+02
-1.013871612908382076e+02
-9.538658878280493525e+01
-1.121000117812820207e+02
-1.039772165477508281e+02
-1.025956474356647590e+02
-9.689281215200013264e+01
-1.187504766451011591e+02
-1.154133317230858609e+02
-1.120985518988500331e+02
-1.122175911286374230e+02
-1.361111465397093809e+02
-1.021378007736401372e+02
-1.089542906044896569e+02
-1.044038004146232623e+02
-1.158664802804190117e+02
-9.482749747293885889e+01
-1.054508861254861074e+02
-9.849144879753706050e+01
-1.108302370200048159e+02
-1.235948803424216464e+02
-8.816830124858748263e+01
-1.067686491150712271e+02
-1.283927900233756247e+02
-1.100893172795403387e+02
-1.237747198550472092e+02
-1.219242460810662578e+02
-1.381108278668892808e+02
-1.121936905835890599e+02
-1.145633485383264372e+02
-1.062344405793189566e+02
-9.866432538088933768e+01
-9.317443597506374431e+01
-1.066237778434455947e+02
-1.107712030223414104e+02
-8.556718911710511577e+01
-8.676627166705381455e+01
-1.077782907605600400e+02
-8.204899794893276521e+01
-1.032572001334795715e+02
-1.011495730263101649e+02
-1.066857518683009829e+02
-9.759204596322692282e+01
-9.833100223365983084e+01
-1.120157633349111990e+02
-8.953251678971309957e+01
-1.027679543939273543e+02
-1.038512762709323454e+02
-1.184648277080747789e+02
-1.028516941911909868e+02
-1.196563945411710961e+02
-1.237933685392318353e+02
-1.004758400414222024e+02
-9.608412627605410705e+01
-1.009543981265153434e+02
-9.998721182427591714e+01
-1.006656467607735124e+02
-9.759211315139538101e+01
-1.006043257225040577e+02
-9.599404647711047289e+01
-9.697821542655168514e+01
-1.033279220709834476e+02
-1.043063730814178030e+02
-8.325601829120473951e+01
-8.730474874142547037e+01
-9.140222523420547418e+01
-1.482886176120083519e+02
-1.167895000413373054e+02
-9.741500697469939496e+01
-1.036801367296985887e+02
-1.028905484758419249e+02
-9.064577977316501745e+01
-1.062433752299590282e+02
-9.930867729899250662e+01
-8.764990636460620976e+01
-1.063225740321799151e+02
-1.003139143933479716e+02
-9.422799906334250863e+01
-1.083698672671196732e+02
-9.438655658080190847e+01
-1.103768777880989376e+02
-9.951500341156645391e+01
-1.238161164685372171e+02
-8.200889033676497775e+01
-1.182338605807606484e+02
-1.113707109356580673e+02
-1.018428338843553007e+02
-1.001670416791123728e+02
-1.109859701709400781e+02
-1.090966807775465952e+02
-6.924837207150420682e+01
-1.101770423121347733e+02
-1.085875259039083858e+02
-8.047572904020265128e+01
-1.074182940809490958e+02
-1.007617275534137349e+02
-1.059692140818060295e+02
-1.109033209503952406e+02
-9.906029625926612425e+01
-9.668781384043002447e+01
-1.014611948615326469e+02
-8.568176004520014999e+01
-1.092348889795726450e+02
-1.105167628193744918e+02
-1.048284303021400490e+02
-1.080226253029948822e+02
-1.070629167473322241e+02
-1.090067371383528894e+02
-1.028850508090450262e+02
-1.035624228884066440e+02
-8.395686090779929600e+01
-8.274006968334265366e+01
-9.074429926831264481e+01
-1.080687818276325913e+02
-1.021839450240387492e+02
-9.930073561086480538e+01
-1.052336655522906028e+02
-1.010710666953293213e+02
-1.024007061023951479e+02
-9.520081295032967716e+01
-9.891206248503500831e+01
-9.814185568180654684e+01
-9.600936679699870524e+01
-9.826262403684756919e+01
-1.004118106247579476e+02
-1.017228978881671821e+02
-8.909981688385305176e+01
-9.947957716323223565e+01
-9.963732544142037284e+01
-9.732624304901008827e+01
-1.023121247822048474e+02
-1.004409983868831517e+02
-1.000082733687646765e+02
-1.004667512894989869e+02
-1.027464057137100326e+02
-1.016023597006589796e+02
-1.004176736326268156e+02
-1.055128339802958379e+02
-1.039267974629854194e+02
-1.070925429235319655e+02
-1.093152131785437149e+02
-1.023138265608082662e+02
-1.019370798772095128e+02
-9.132976576570307259e+01
-1.005335221208546415e+02
-9.275178570796668964e+01
-9.806603406404499879e+01
-9.850826995437914491e+01
-9.822409417410901256e+01
-1.015536998672576203e+02
-9.900770983487387866e+01
-1.000041011058502107e+02
-1.027593205531156002e+02
-1.045230819679688921e+02
-9.760529456339159537e+01
-9.748690819268543351e+01
-9.955599785450601757e+01
-1.004157322352927366e+02
-9.601882940522321519e+01
-1.013118241884534001e+02
-1.050715355322071503e+02
-1.217917286046150451e+02
-1.011164163209390807e+02
-1.024989394551657114e+02
-9.617800169802750077e+01
-1.033981283358249925e+02
-1.025186647317001416e+02
-1.018257467428573619e+02
-1.037964836421920438e+02
-1.049060046228780436e+02
-9.896833919137193902e+01
-9.929334132387671730e+01
-9.896109079824790911e+01
-9.826118581513489403e+01
-1.033881008354482844e+02
-9.857656863505978606e+01
-9.710689902200040535e+01
-1.017169993584925578e+02
-9.951401544630380158e+01
-9.892209355558466655e+01
-1.018370738427928615e+02
-1.078909653769146360e+02
-9.504211974255058237e+01
-9.480124109487231010e+01
-1.030580349924940862e+02
-9.275418118676805079e+01
-9.982237425761016425e+01
-1.028700849844068586e+02
-1.031327488770200489e+02
-9.682234098733341909e+01
-1.071735829340231447e+02
-9.897927069974569747e+01
-9.791012103366938391e+01
-1.415875941545388628e+02
-9.886036122366654411e+01
-1.512405070910306506e+02
-1.018987488185585448e+02
-9.524422049657955824e+01
-9.863702409077511390e+01
-1.035813090445683002e+02
-1.065127140644163148e+02
-9.920406579306444428e+01
-9.809512665456207969e+01
-9.823078274214194039e+01
-1.237601534497875377e+02
-9.856694776472259889e+01
-9.046030099343595055e+01
-9.711006314368492554e+01
-1.054340952915873544e+02
-9.918552687379451527e+01
-1.361837381946013181e+02
-9.190648983594820720e+01
-1.003387837359868797e+02
-9.762657256560758867e+01
-1.014597306601164917e+02
-9.923108012081530660e+01
-1.061723368947470618e+02
-9.574609069304197817e+01
-1.088155376000961496e+02
-1.018595626624672548e+02
-9.777895501722296956e+01
-9.762152331476602285e+01
-1.108274212456307595e+02
-1.327099020918765859e+02
-1.298249166095239673e+02
-1.176757525365205623e+02
-1.085763342108806171e+02
-1.094341229741087176e+02
-1.069211003389284684e+02
-1.049029848220501009e+02
-1.092111570014698714e+02
-9.006626214059104996e+01
-1.130879995534941997e+02
-1.879154988161519313e+01
-1.073769582511475136e+02
-1.056576733978451159e+02
-1.097504218442281285e+02
-1.179236578444766508e+02
-9.738628982842277537e+01
-1.079702825426429484e+02
-1.133759120011799979e+02
-1.055320731748667811e+02
-1.323186948242647532e+02
-1.135804998949072200e+02
-1.120501041263254649e+02
-9.890682032678274993e+01
-8.582001016703257790e+01
-1.101256378905855939e+02
-1.315702329687608767e+02
-1.073899608810074113e+02
-1.309042751549361583e+02
-1.076978366093338053e+02
-1.071483181650163772e+02
-1.053062557198557840e+02
-1.052474085853390307e+02
-1.089270731456737451e+02
-9.135447628053314872e+01
-9.528145785760435160e+01
-1.030473282134830129e+02
-1.056642667057335387e+02
-1.053780574799401109e+02
-1.008902194177088063e+02
-1.038072280175188666e+02
-1.339756657754211346e+02
-1.008044009407946930e+02
-1.317088290980744034e+02
-1.061448304723157747e+02
-1.066551880215469481e+02
-1.094638255099549866e+02
-1.115377477960457782e+02
-1.132540209969890981e+02
-1.017028168411156486e+02
-1.048963262039710429e+02
-9.177545881652829962e+01
-1.056411781505309335e+02
-1.009765845995042497e+02
-1.045431459609639688e+02
-9.288501146105262762e+01
-1.006245547436391092e+02
-1.049017639288391166e+02
-1.066856619796181320e+02
-9.665899203536324080e+01
-1.033794803001973293e+02
-1.321484524275475110e+02
-1.381890568474651104e+02
-1.207647522466546235e+02
-1.056188099466467492e+02
-1.175370649777930225e+02
-1.254160007541965172e+02
-1.336500407417302654e+02
-1.040590346892937674e+02
-9.917602299861424342e+01
-1.135046225871566605e+02
-1.026152831953161382e+02
-1.029889658366791849e+02
-1.045618806277571622e+02
-1.059560746655731265e+02
-1.015785437520406447e+02
-1.026513876420770117e+02
-1.072825235602209517e+02
-9.943849412215911343e+01
-1.177856234370965041e+02
-1.320327027504917226e+02
-1.032924711360620336e+02
-1.167173047122357161e+02
-1.227415322941508862e+02
-1.026130856866902690e+02
-1.055255060030616789e+02
-1.335675413145593780e+02
-1.031290132583782650e+02
-1.110161937267111654e+02
-1.025516509139449823e+02
-1.079891425938915006e+02
-9.816666316007710691e+01
-1.076012972597175263e+02
-1.024020942032087049e+02
-1.234721718866643414e+02
-1.059430772067910880e+02
-1.084742162709497677e+02
-1.355815567509480957e+02
-1.311724986499854424e+02
-1.177963540324535217e+02
-1.206853998509362071e+02
-1.010125952930025193e+02
-1.114460390142060788e+02
-1.000354741537122578e+02
-1.144758537254769379e+02
-1.185151625513505564e+02
-8.543581706225806727e+01
-1.106581144995654427e+02
7.976173818538206284e+00
-1.328783386531559927e+02
-1.015823374072091383e+02
-1.062312597529682989e+02
-1.061083398921176979e+02
-1.044382268311673272e+02
-1.168680620104146186e+02
-1.019649734463047537e+02
-1.171810826949360091e+02
-1.119883831086981871e+02
-1.050935698049979123e+02
-1.017532853515820221e+02
-1.056239462662403668e+02
-9.454472978812050599e+01
-1.011907931413921347e+02
-1.107429691229334026e+02
-1.065819489418605741e+02
-1.089057342547497598e+02
-1.077463331293555626e+02
-1.265166245918386068e+02
-1.130241662052151383e+02
-1.305791891204768547e+02
-1.335861128447016881e+02
-1.405305934837894597e+02
-1.282252964648123452e+02
-1.291011000634195511e+02
-1.019046674610799101e+02
-1.400385777229032271e+02
-1.278666189646966416e+02
-1.358005480188469392e+02
-1.338708532643526610e+02
-1.231696003769695551e+02
-1.410118682081034081e+02
-9.370602099688281328e+01
-1.150000258804449516e+02
-1.085798568559293642e+02
-1.250640434344112037e+02
-1.211329273493307426e+02
-1.352796319166004650e+02
-1.298966558113231429e+02
-1.364358008451589512e+02
-1.221818225279605201e+02
-1.341968884330691480e+02
-1.283577940584085582e+02
-1.123866383126377855e+02
-1.271180049180785545e+02
-1.288698645957541657e+02
-1.362067348699893614e+02
-1.145913301994513205e+02
-1.389576023101703015e+02
-1.294685596107499066e+02
-1.445399042108453784e+02
-1.284391088238986924e+02
-1.264804920053496744e+02
-1.264378025106127836e+02
-1.267272074773921418e+02
-1.280866860624879280e+02
-1.290115359833992272e+02
-1.272445462898421056e+02
-1.276650700997631844e+02
-1.153154768978294129e+02
-1.284904968395046012e+02
-1.275566329617006431e+02
-1.335027650936910391e+02
-1.298184563223509826e+02
-1.281178913310009477e+02
-1.294530519187191260e+02
-1.354256520858170916e+02
-1.254256796480148068e+02
-1.274666634472124969e+02
-1.254971168277361073e+02
-1.262579340283959652e+02
-1.327495778934276132e+02
-1.227302846805077507e+02
-1.368762913093869429e+02
-1.179268703424370415e+02
-1.279295162629134097e+02
-1.266519268607231510e+02
-1.184607198367725118e+02
-1.320717013774248301e+02
-1.231018768775487047e+02
-1.252383427256700941e+02
-1.262759610923163649e+02
-1.260430664397513709e+02
-1.294012074723259218e+02
-1.329728282009735381e+02
-1.217287502729212179e+02
-1.250054101992401172e+02
-1.320276622273551368e+02
-1.317322041767069152e+02
-1.324186759167530170e+02
-1.203303084306439246e+02
-1.316150241364576630e+02
-1.237885799295290781e+02
-1.196634014758357409e+02
-1.275356596694570044e+02
-1.328063353314169603e+02
-1.205423271164803509e+02
-1.231297679195294563e+02
-1.262483933227465229e+02
-1.226608448403410989e+02
-1.318893082911328349e+02
-1.202833533503621481e+02
-1.273690459422142709e+02
-1.276408362849762312e+02
-1.382281917186655562e+02
-1.336613839160760904e+02
-1.201830450836306881e+02
-1.226346627106881328e+02
-1.285459768980208253e+02
-1.416450560126504570e+02
-1.205906989378915881e+02
-1.244008522884729047e+02
-1.278755626253055908e+02
-1.086640108012210675e+02
-1.145821660937763937e+02
-1.270686479738482006e+02
-1.180182718751704130e+02
-1.227047717458029865e+02
-1.210843445442839368e+02
-1.270718164132972845e+02
-1.361326597520801158e+02
-1.229103321243562306e+02
-1.590299309634518750e+02
-1.223370237711557849e+02
-1.323301712203697207e+02
-1.345179385298088732e+02
-1.182607678678394052e+02
-1.263401782190030076e+02
-1.449968826593727158e+02
-1.332976056281577826e+02
-1.285364187025792262e+02
-1.272299952261549123e+02
-1.400201002762086091e+02
-1.317592292336604203e+02
-1.222619405316652461e+02
-1.253018439888548272e+02
-1.408192087325724344e+02
-1.305289597400773687e+02
-1.223395494012057441e+02
-1.143888406008656347e+02
-1.212963046273011685e+02
-1.250152315434174710e+02
-1.540960152480720637e+02
-1.430186306740978637e+02
-1.445743790019655535e+02
-1.213707953518488694e+02
-1.341523260653848411e+02
-1.563746753448592699e+02
-1.210240500463697941e+02
-1.365218071975298244e+02
-1.240156375385323031e+02
-1.292276583754463957e+02
-1.415953267636967894e+02
-1.342887139320031054e+02
-1.241127592588469923e+02
-1.230038407413579051e+02
-1.233858421869812076e+02
-1.238403581397164004e+02
-1.336985948827273774e+02
-1.365885632001338763e+02
