-1.339619720379433261e+02
-1.099636436331067841e+02
-1.541899566852298449e+02
-2.408181909790391018e+01
-1.224001920731537894e+02
-1.881762411590681694e+01
-1.011290376069335508e+02
-9.911299039879796169e+01
-9.756558163215255775e+01
-1.191074567498552028e+02
-2.436856796221719534e+01
-9.643454734277544560e+01
-1.165837460989565386e+02
-1.140492526200355599e+02
-1.017892033253965707e+02
-9.750207061806331410e+01
-1.154346802088871300e+02
-2.275271246796386748e+01
-9.663111191364599506e+01
-1.190259243371123006e+02
-1.105485511664433886e+02
-1.078711864228846196e+02
-1.115455439438943870e+02
-1.000748443840187321e+02
-1.901512809823737626e+01
-1.137355475261637139e+02
-1.132081195111954628e+02
-1.323789513113410408e+02
-9.811137694669224629e+01
-1.098695808800428892e+02
-9.755133946606721906e+01
-1.074044928766250990e+02
-9.530244920179183055e+01
-1.030900188191697708e+02
-1.100367257997971251e+02
-1.015395762391688805e+02
-1.013231560378702198e+02
-9.633933654593947438e+01
-1.052766984956295744e+02
-1.024823819641013785e+02
-1.056884173592880245e+02
-1.076317413119626707e+02
-1.039099575365638231e+02
-9.992631764189106036e+01
-1.012717970551251909e+02
-9.787878450753584048e+01
-1.222530641879748714e+01
-1.018302500518008173e+02
-1.051175482606058296e+02
-1.118208583296775487e+02
-1.259736506851758975e+02
-1.024334898608148876e+02
-1.001949379325776732e+02
-9.804008396849020812e+01
-1.010513305352330349e+02
-9.901612543478388773e+01
-9.763256477943194511e+01
-1.016906117332178781e+02
-1.181597363286749385e+02
-1.009091031762973500e+02
-9.824383555731596118e+01
-3.557788169373044695e+01
-9.893024033918170801e+01
-1.018709855425847479e+02
-1.025308683837221366e+02
-9.984343877830190195e+01
-9.855355052771355417e+01
-1.001357173268369536e+02
-1.007898482936306266e+02
-1.034541053894786842e+02
-9.915371216139052990e+01
-9.677265999113035377e+01
-1.025955507360392005e+02
-9.916795625497083222e+01
-1.040051829987287277e+02
-9.575813584910319776e+01
-9.995591362398619140e+01
-9.944127291277618497e+01
-1.037325301458161704e+02
-1.027436058870222126e+02
-9.554127457135662382e+01
-1.013483577121970001e+02
-9.992965271184205278e+01
-9.678955659638631914e+01
-1.034343807207179537e+02
-1.041770070496060328e+02
-9.714330117169200207e+01
-1.032501639896465662e+02
-1.061682865436007859e+02
-9.956079957849939888e+01
-1.004483655649871707e+02
-9.890810707817065861e+01
-1.029072010510939066e+02
-1.025037976533504462e+02
-9.643012602685001866e+01
-9.901987058799289798e+01
-1.011855189924416152e+02
-1.089883132332569176e+02
-3.823050979443159036e+01
-1.026233201954734824e+02
-1.107608124411624431e+02
-1.024552852271001200e+02
-1.008503996873207171e+02
-1.005250831277012935e+02
-1.003187765040915309e+02
-1.014192765836342431e+02
-1.022121106206766399e+02
-1.015967252571077495e+02
-1.003709887847325746e+02
-1.030555025377216936e+02
-9.841431913892229488e+01
-1.001094119113861751e+02
-9.647057945365313003e+01
-1.052034948658106970e+02
-1.005884639163418939e+02
-9.487227261670518885e+01
-9.925489031998471035e+01
-1.019004033087022805e+02
-9.459074743563574827e+01
-1.023212578071823202e+02
-9.705848419764332391e+01
-1.065990303222670121e+02
-1.031898400231951314e+02
-1.009819546463407818e+02
-9.918572670336779140e+01
-1.015957054530831130e+02
-9.913753532454829553e+01
-1.038290647723498807e+02
-1.022321602806173502e+02
-1.042316633053874000e+02
-9.831516775839537559e+01
-1.029701541923231645e+02
-1.025394486536385443e+02
-1.014083991500995268e+02
-9.982666694695957688e+01
-1.005129448206484568e+02
-1.012821211885003123e+02
-1.042167395229986937e+02
-9.639065148493737922e+01
-1.007099142917519146e+02
-1.002657849022245671e+02
-1.007076992374637712e+02
-1.002956554276089349e+02
-1.030958813800580174e+02
-9.912182107266191622e+01
-9.848006982491573069e+01
-1.016002233402549422e+02
-9.516181407394672931e+01
-1.045972187846717389e+02
-9.975982657480315652e+01
-9.974793277419612991e+01
-9.730492618953391570e+01
-9.645119545388169513e+01
-1.042221208196052800e+02
-9.961632355148579165e+01
-9.822860272140925986e+01
-1.021533464330777008e+02
-9.775778858583166198e+01
-9.624536233303388144e+01
-1.002104358730321394e+02
-9.842229061372512433e+01
-9.841527762567203297e+01
-9.648339830476052725e+01
-9.665725045483173972e+01
-1.039197795677318084e+02
-9.691138883382947711e+01
-9.792406926213928386e+01
-1.012242299112919568e+02
-1.022407027959708330e+02
-1.002988268028723553e+02
-1.012607913232412074e+02
-1.002922846224425371e+02
-9.881504157854035952e+01
-9.799188803667527736e+01
-9.318590921476463507e+01
-1.004656385673368533e+02
-1.008702483301783843e+02
-1.003814026705588134e+02
-1.158921744554265842e+02
-1.024379458130309786e+02
-1.044601558291383441e+02
-9.898185187216556358e+01
-1.164906864392798695e+02
-9.976631753408118186e+01
-1.128027785745151306e+02
-1.047627605478684103e+02
-9.862732060512119858e+01
-1.007126712560969821e+02
-1.201780993978028960e+02
-9.485666375377893189e+01
-9.947971343387143861e+01
-9.828702204379987961e+01
-1.028673384171964642e+02
-1.008453802405679767e+02
-9.926914353533138069e+01
-1.050120403126539088e+02
-9.024295416519686341e+01
-9.491501851498598796e+01
-1.021676658326787788e+02
-9.583410568072751801e+01
-9.912541050988504310e+01
-9.583175303325937477e+01
-1.038828470085927620e+02
-9.955177932519386275e+01
-1.157029798560990770e+02
-9.853579757730085475e+01
-9.691149361716041710e+01
-1.186735082829116692e+02
-1.022706792143280978e+02
-1.029749378878744039e+02
-9.930821133747016916e+01
-1.030379005009341995e+02
-1.039140366345860969e+02
-9.557918127407607756e+01
-1.057905216972545901e+02
-9.360312455116708463e+01
-9.774510440081230911e+01
-9.467304773431141030e+01
-1.080047249232873838e+02
-1.095443928961214795e+02
-9.757468481271837391e+01
-9.747656031963556700e+01
-1.034116417778332249e+02
-8.900106189994053807e+01
-9.563192957878979428e+01
-8.777380441975199687e+01
-9.356043303280864620e+01
-1.012868593489125715e+02
-1.026328222983664489e+02
-9.756461992846783460e+01
-9.240496872224807134e+01
-9.504604744799678429e+01
-9.945231533667715951e+01
-9.333329435630133730e+01
-9.350764967800674299e+01
-9.620208733449203464e+01
-9.293619574690001173e+01
-1.032493987533910200e+02
-8.130190696261027483e+01
-9.050182953209096581e+01
-8.644718960724159729e+01
-8.659649422944168862e+01
-9.455765417520197502e+01
-8.077745762553111319e+01
-9.760741510122490183e+01
-7.937637158470643328e+01
-7.412179913219144112e+01
-9.595625487961177669e+01
-7.850348970553336869e+01
-8.329398519472107409e+01
-7.352750523089756030e+01
-8.445492180960779649e+01
-9.026549129904876168e+01
-8.390693026574587066e+01
-8.061719751000775602e+01
-9.655574658595115523e+01
-8.145290660129511195e+01
-8.721238775055722670e+01
-8.686126431701097772e+01
-8.625352362443672405e+01
-8.337237901840383358e+01
-9.036794474761991580e+01
-8.990144923280284672e+01
-8.066451372216533855e+01
-7.672503832196966300e+01
-8.858990894509766179e+01
-8.955595234337441468e+01
-9.141930538135486017e+01
-9.052161352709450171e+01
-8.529752638514774787e+01
-9.081368638888210398e+01
-8.272404879211909190e+01
-8.550066521089804894e+01
-7.959967866084306820e+01
-7.827395973856241085e+01
-8.832986377311272008e+01
-9.038090174219411210e+01
-8.657104096307794805e+01
-9.070124426157872222e+01
-8.762607409891393218e+01
-9.022358184037321394e+01
-9.644097934133640138e+01
-8.599454148850236379e+01
-8.504084389490694207e+01
-8.574478886305462311e+01
-8.343602325275074350e+01
-7.579240603930838915e+01
-8.398885342577278834e+01
-9.788428429650667795e+01
-8.392266288222327830e+01
-8.478759333153543309e+01
-8.303091482943993640e+01
-8.821502183289484833e+01
-8.538812176510785434e+01
-8.457419711845157906e+01
-9.043061923038834493e+01
-9.046061510990031707e+01
-9.198603156261766856e+01
-9.044762544142422200e+01
-8.436244212450252178e+01
-9.287849320940242137e+01
-9.592112087292483125e+01
-8.652734705543511495e+01
-9.062491242301037175e+01
-9.145252307934150338e+01
-9.572815523004612714e+01
-9.327334385807891692e+01
-8.842476760742692932e+01
-8.910901522443410272e+01
-8.674579011964094377e+01
-9.470897530824022681e+01
-8.754066544022046514e+01
-9.620486618547715807e+01
-7.675462468050099574e+01
-8.708829678727700241e+01
-7.870111111562366091e+01
-8.814636798981469212e+01
-8.558068919507500993e+01
-8.820536918858778108e+01
-7.844756659248001540e+01
-8.478260678403128736e+01
-9.170216945483684867e+01
-8.296577731553753665e+01
-8.996402899148793608e+01
-8.051745139240328797e+01
-9.146437599687259024e+01
-8.914854468402522514e+01
-9.302785813845272855e+01
-9.626267638659584236e+01
-9.030621677519962986e+01
-8.325158863887308769e+01
-8.611963363894683710e+01
-8.859715003702214631e+01
-9.495449164068489267e+01
-9.231948889328980101e+01
-9.740854648718736541e+01
-8.604971566400513439e+01
-9.142555584118238698e+01
-9.289983820535719872e+01
-9.218645436767221213e+01
-9.091705435989446471e+01
-8.467514492175126861e+01
-9.361737588127598997e+01
-8.766592383209582806e+01
-8.909707012766307344e+01
-9.167546867009269818e+01
-8.613431349649083302e+01
-8.254051283737922518e+01
-8.777498688932502091e+01
-8.632584830735470405e+01
-8.986392576535222076e+01
-8.749208075919013083e+01
-8.022422706052248031e+01
-8.751104425395037367e+01
-7.943859923140755086e+01
-8.951081323769740550e+01
-8.674231901677248402e+01
-8.708012148103344430e+01
-1.121593121965569253e+02
-8.938850387786666829e+01
-8.371075357371837811e+01
-8.209972273246052055e+01
-8.313855291845695206e+01
-6.918466637383626505e+01
-8.320460767683832159e+01
-8.432957219312746133e+01
-9.233987008371764205e+01
-8.970946443103170509e+01
-9.469245690778909363e+01
-8.645048056434747252e+01
-8.030340457501152684e+01
-8.219402768034737505e+01
-8.273276333747431011e+01
-9.433975083311926824e+01
-8.689629855447856244e+01
-8.508430877593634989e+01
-7.269519797679313911e+01
-8.916030614825754697e+01
-9.065884737509301772e+01
-8.673821678570251947e+01
-8.776801594157953446e+01
-8.811676497561231258e+01
-9.343051748008238633e+01
-8.782849777916732137e+01
-5.247309156605424363e+01
-8.882533747155422077e+01
-8.381147948264214165e+01
-8.825887838285839848e+01
-7.118154001851905832e+01
-6.955086903394187914e+01
-9.008225521780218514e+01
-9.190019338466427712e+01
-9.454922953923686180e+01
-9.040206113112671460e+01
-8.370685954689896846e+01
-8.589487669615374443e+01
-9.146963511299864535e+01
-8.554817883727017147e+01
-8.267135862148975889e+01
-8.710910859756141633e+01
-8.814262836726916817e+01
-8.781541836734538720e+01
-7.682543271853452893e+01
-1.084285079213931056e+02
-8.471922579778764373e+01
-8.853385931095431260e+01
-8.720476841105890742e+01
-6.365939647512615807e+01
-8.292709615381298249e+01
-7.634403560386374465e+01
-8.314934550143225067e+01
-1.360905576046487795e+02
-9.022928373963983972e+01
-8.329857168423737335e+01
-9.871283920635185893e+01
-9.162071729913731133e+01
-8.168042717661855079e+01
-1.071514584301153548e+02
-8.357741166857476856e+01
-8.844438850831296861e+01
-7.732420162848052314e+01
-5.627929723971509901e+01
-7.541250263691691202e+01
-8.739218879165019871e+01
-8.896427448967435225e+01
-9.989782989394070967e+01
-1.092217872933445051e+02
-9.667111932881728364e+01
-9.939696025141697078e+01
-1.000686573082454061e+02
-9.179078262677461453e+01
-7.387859846504787242e+01
-9.054416854595861253e+01
-6.801238466798213267e+01
-9.858391010764717066e+01
-1.008612072874680337e+02
-9.765949152668386546e+01
-1.033194861807740352e+02
-8.864669508560915290e+01
-7.504650079964528686e+01
-8.447770753889878392e+01
-6.346342344692993009e+01
-8.635759884824021526e+01
-8.396092781762587265e+01
-7.245928204181424803e+01
-6.972346837524312946e+01
-8.978529247332728858e+01
-7.663952335273160088e+01
-8.386841255441115095e+01
-9.212476061977139352e+01
-9.768039292784409611e+01
-9.357019494824695016e+01
-1.025046225873497008e+02
-9.390262379366551215e+01
-1.009230983152789776e+02
-8.188898252903084085e+01
-8.674930308988611216e+01
-8.461974311722953246e+01
-7.387493994747759984e+01
-8.490664888517227382e+01
-6.869608302661421817e+01
-8.743932778185050836e+01
-8.829195185592310224e+01
-8.106751622950653768e+01
-7.412115016796070677e+01
-1.040299423445366642e+02
-8.664594155146048138e+01
-7.993671037664999801e+01
-7.983605514523739544e+01
-9.858284085709878752e+01
-8.431158974731619082e+01
-8.651445215951987677e+01
-7.161110161293589726e+01
-8.172372440132940596e+01
-7.940251370306431511e+01
-8.740540982838480488e+01
-4.705844742605263065e+01
-1.002346887106329518e+02
-6.250358776657085258e+01
-4.250532502688315617e+01
-8.626550917581138833e+01
-8.964162410551668358e+01
-7.179504565259412630e+01
-7.401758038115495708e+01
-6.485672011775122314e+01
-8.964412351043293370e+01
-8.550910004581366763e+01
-8.248186467598330296e+01
-7.227565618845038387e+01
-8.018789759003531969e+01
-8.218617195988647950e+01
-8.186506713297731608e+01
-9.125596500667860766e+01
-8.125926934597399054e+01
-7.901705953501883073e+01
-2.955434393210703092e+01
-7.069418886311331107e+01
-5.960917328936326953e+01
-7.499616739941143351e+01
-8.328881069748244670e+01
-7.331397165051463105e+01
-7.504062782679082488e+01
-7.374007871498861277e+01
-9.529033162432185122e+01
-7.991818125065910294e+01
-6.378286797625744953e+01
-8.984383936912747970e+01
-9.913519230385867331e+01
-9.289807257221656300e+01
-7.446263519272343956e+01
-8.621645554581336057e+01
-7.840540449046565641e+01
-8.505505002417221760e+01
-7.488716277163280211e+01
-8.319084883905247807e+01
-8.677305982117317740e+01
-8.515123265536226427e+01
-8.310772044093685906e+01
-8.222386963122016823e+01
-8.752029394420314645e+01
-8.584239815639669757e+01
-8.271620046253723046e+01
-7.171294354913686675e+01
-8.727736492471727558e+01
-8.172662396418373021e+01
-4.260470425529364746e+01
-8.676349181406229150e+01
-8.028102142398977037e+01
2.704547236636589957e+01
-6.059041595045964357e+01
-5.136550449499533499e+01
-3.780745870460174984e+01
-6.521497861695542042e+01
-9.130272395747327607e+01
-4.246363818794069545e+01
-9.099454903921588311e+01
-5.444562580132391361e+01
-7.627238203634450997e+01
-9.011673975343506982e+01
-7.101194205339612608e+01
-9.332945107769715776e+01
-4.698273735564903575e+01
-8.304264264798133865e+01
-7.417014271645967938e+00
-6.927774025040027084e+01
-8.245432490841460549e+01
-8.301373407145207750e+01
-7.389035907042025997e+01
-6.337292036886982061e+01
-7.424939322548652854e+01
-8.724342873959659528e+01
-8.622683915944156752e+01
-7.804122657379204497e+01
-9.012490642861419587e+01
-6.904937390305454414e+01
-7.808927639180421920e+01
-7.107234990087282256e+01
-9.037161116538715078e+01
-9.756798139090942357e+01
-7.677827507943115393e+01
-7.137720063180920249e+01
-5.512301761449017334e+01
-7.826785569105786067e+01
-5.638361098746992184e+01
-7.291883917704541318e+01
-8.450841393009048375e+01
-6.867253115449483403e+01
-6.838860500121204211e+01
-8.959075538860055588e+01
-7.672683267858796796e+01
-7.792833458256603762e+01
-8.818225424054686812e+01
-1.001104793422046981e+02
-7.977344664889837134e+01
-8.729461852303916203e+01
-8.241338876155151638e+01
-9.287026318287266236e+01
-9.160387921789100574e+01
-7.909205639374455643e+01
-8.085435059268912994e+01
-7.763527772703889696e+01
-8.548523855914521619e+01
-6.874772747186507615e+01
-9.791898984938673323e+01
-8.818185736418806187e+01
-6.778354411891589848e+01
-8.148801081611809138e+01
-7.571887203756477902e+01
-6.852294886207897662e+01
-7.906598263373544455e+01
-8.138393353446373624e+01
-7.428815327613254738e+01
-7.348176719142340119e+01
-7.356447273557395761e+01
-3.621564306102872877e+01
-7.275460586295898224e+01
-3.025257446845873233e+01
-4.671567022194219732e+01
-4.475542854101665569e+01
-1.138641439933272181e+01
-6.517623539808504063e+01
9.839836068569421457e+01
-2.449989745802388086e+01
1.105338976352508382e+02
1.177726329248808526e+02
1.264574651840162431e+02
1.439801968996755477e+01
1.244483091519752094e+02
1.234606654545616351e+02
1.446044832632347550e+02
1.345901413570228158e+02
3.372623484138111394e+01
-6.287683554016150111e+01
-2.535820324272427229e+01
1.170456562560849392e+02
2.154214194162931051e+01
-2.806630077588683037e+01
-3.407078571317357785e+01
-3.402957241537335165e+01
-1.522631706181446987e+01
-7.213407684648011298e+01
1.205123065424398732e+02
-4.864414048784870914e+01
1.373940284989548957e+02
-9.635345047082721237e+01
1.512299581179617860e+02
-7.090119328124788467e+01
1.578413979603564599e+02
1.497503014348119166e+02
-3.365741596223315923e+01
-6.411242634595210177e+01
4.700198360999254987e+01
3.515378188959346062e+01
2.026535003395731849e+01
1.397550045355903023e+02
-2.364964215658700653e+01
-5.280512715990004580e+01
1.532046877913288654e+02
3.687130393909771442e+01
5.099270887688999210e+01
-6.553657140726119223e+01
-6.651495430916637019e+01
1.915525699743547250e+01
1.473173345130844325e+02
-5.546258766478957369e+01
-5.241287450901710088e+01
-5.445811362031676595e+01
2.857702359898223676e+01
2.702914253167138270e+01
-6.144889796922164038e+01
-6.762906364590153885e+01
-3.696526086302721836e+01
1.406870314836579610e+02
-4.761190376901831911e+01
1.573132801738800879e+01
-7.263562730599593920e+01
1.509857499063143678e+02
-7.557255514752540648e+01
-4.377446444952028060e+01
4.991625921184561321e+01
-4.302338963508139358e+01
2.619681911093917392e+01
1.603672263530117732e+02
1.657251984969444152e+02
4.649877130842466499e+01
1.609722936382295018e+02
-2.178183077882013663e+01
-6.201504617426147092e+01
1.491864446825005928e+02
-5.874236358337260100e+01
2.121903813154311536e+01
-6.730569301232756629e+01
-2.905080993769890085e+01
5.300845473404427821e+01
1.669493309270023360e+02
-2.482704181538930754e+01
5.367002079979857854e+01
-5.154165981814614383e+00
2.622303353989190100e+01
-8.559926392305793286e+01
1.473892918553343634e+01
2.697312117352709038e+01
-4.812507226191496557e+01
1.535535283494491807e+02
-2.260554284320343754e+01
5.710760894336858939e+01
1.402693191458074011e+02
1.448330917982613357e+02
-3.401538639579854362e+00
6.107082617586883089e+00
-3.710423664069152494e+01
-7.897818326950951473e+01
-3.090116763425139368e+01
-8.326998435244523478e+01
-7.609224924139658697e+01
1.652909965717861951e+01
-9.631757568526676039e+01
-1.253827177143868710e+01
-2.844738520971911555e+01
-8.528670836012761924e+01
-4.759402831410634604e+01
-8.203414295311995375e+01
-7.716777831718061975e+01
1.574881899847387388e+02
1.459809534455735900e+02
-7.975917755880445270e+00
5.665097824685244632e+01
-7.508093209090937137e+01
1.351764607901529303e+00
-7.507012041976921068e+01
-7.211724823867123746e+01
1.077674075498271122e+01
1.521038051453745936e+02
1.557759007196951018e+02
1.375012636002787474e+02
-7.006882761283500827e+01
1.407124549390209722e+02
8.586838044512347778e+00
6.959988485827850013e+00
1.357352982406189312e+02
1.579719454011905100e+02
1.612682220495701131e+02
4.157661355684216176e+01
1.516171852462675531e+02
-6.505097700175220155e+01
1.498809997041883264e+02
2.152334063039872092e+01
1.803422715528219555e+02
-8.723391130896494872e+01
1.621488701806317181e+02
-8.831419437305716258e+01
1.590309464584562420e+02
1.481005906555286344e+02
1.579369292004564329e+02
1.724534050578602375e+02
3.546431264493855906e+01
1.650202763527234708e+02
1.727667561398150156e+02
1.737467288245982502e+02
-1.769903394607524660e+00
1.773643874467151988e+02
1.668343675195298488e+02
-4.170031400057507653e+01
1.690415681395633669e+02
-8.992607223005779815e+01
-7.468067190990930726e+01
-5.265432704884830173e+00
-1.018636377826384205e+02
-9.855223996095770644e+01
-8.773319826150076040e+01
-4.348493748801595160e+01
-9.929072339334715025e+01
-5.357518385931349059e+01
4.108912019646189151e+01
-6.115802126130287064e+01
-4.099353041538495290e+01
-6.099299266785573082e+01
-7.272328027792914895e+01
-8.072157411835840435e+01
-9.421040110700440096e+01
-8.726672293970996463e+01
-3.623324362096015250e+01
-6.910572629924547527e+01
-9.324037492451947173e+01
-7.528939596727023797e+01
-8.526310009089223740e+01
-4.522106167812189170e+01
-6.456946827278747492e+01
-3.573208736766528659e+01
-8.550137565889268387e+01
-4.240283296302164473e+01
3.775209087672968877e+01
-7.803793708357238756e+01
1.514695302771735044e+02
-7.910043021589243040e+01
-5.249137125686548444e+01
1.493467683421395691e+02
-6.672333582160993615e+01
5.417823841353211378e+00
-3.487747916145495708e+01
-5.900539488333318872e+01
3.476369486592429325e+01
1.676237379716447151e+02
-4.347464811103228044e+01
-1.433540425194570389e+01
-3.199306577031958909e+01
-4.523335513177990919e+01
-3.911653316135991076e+01
-4.885301597704750520e+01
3.594224654354681547e+01
-1.085700800462422109e+02
-4.881660948774795372e+01
-5.722474140476037263e+01
-4.935841323723040830e+01
7.729989494999864519e+01
-4.511154519875375968e+01
-6.797097091616693376e+01
-8.367281556446205570e+01
-3.437620769349349814e+01
-5.829590357538128131e+01
-5.098394886435193030e+01
-6.066166730109488725e+01
-7.106382781487261013e+01
-5.962978332266503401e+01
-7.285635366159796433e+01
5.840288528397539380e+01
-2.917846718106675041e+01
-4.963847785705291926e+01
-7.177464286416955019e+01
-2.401888850742662385e+01
-4.974927100173376715e+01
-1.399158077580304393e+01
-6.723114239574600504e+01
-8.759319314290817715e+01
-4.964359992042349035e+01
-3.329125631617884551e+01
-6.674895934989137913e-01
-1.663267173263039922e+01
-7.660677036792023387e+01
-6.537970259390560557e+01
-3.918543459558787134e+01
4.493320021863610236e+01
1.611025696414629067e+02
-7.224185213004776074e+01
-4.945615573701049783e+01
-2.826102967871482008e+01
-5.818884177207326758e+01
-5.291363711712879336e+01
5.043497913703586732e+01
1.788687984112666243e+02
1.847285920595905111e+02
-1.834358649595077395e+01
-6.644171143095394427e+01
-6.846459364366955924e+01
1.759547048911638569e+02
1.740881026883558889e+02
-1.700047954896831470e+00
-2.941560125263183068e+01
-6.337049194120099571e+01
-6.087902771382845657e+01
-1.396060896279355745e+01
-4.837884188559263521e+01
-7.119177874176739351e+01
3.762698655743434983e+01
5.132286964574771559e+01
3.348461146716226722e+01
-1.847213221324102506e+01
-2.035980087878299116e+01
-4.372775999166203320e+01
-6.776870634732168241e+01
-1.893112184726736302e+01
-8.548636419920377705e+01
4.858894705646795842e+01
1.788789643773281171e+02
-7.512585268711885078e+01
3.179716011877385995e+01
-1.850773255419539964e+01
1.865380564974691140e+02
-7.616221868719517829e+01
1.936490004677323213e+02
-4.558043569842730136e+01
-8.565339124444852814e+01
1.785760757414174122e+02
3.527059860103275923e+01
1.674226747759632872e+02
1.838014134608845609e+02
-8.909670466408738321e+01
1.484842948092609447e+02
-7.940062851485669171e+01
1.614110994769889089e+02
1.551034890610415005e+02
-3.120811658874728778e+00
1.699006068957952209e+02
-9.083465527638330173e+01
1.785267874506004375e+02
-3.323245801983847514e+01
1.703580860300057509e+02
-6.997733344483479812e+01
1.877439420351767012e+02
1.751141215028829947e+02
7.036918103236286015e+01
-1.026325804200157279e+02
-6.906706784823111889e+01
1.674148869230225216e+02
-1.707848480424254944e+01
1.836500472386039178e+02
1.940538861624009428e+02
1.826533259609203128e+02
8.281559865381836971e+00
1.722038867534218696e+02
1.920304066779022776e+02
-9.887740612590008027e+00
1.891081128854047506e+02
1.778134696095518166e+02
1.680240056924941996e+02
1.774819054122905015e+02
1.869355560761701440e+02
1.388408519231965954e+01
-3.789442170665907383e+00
3.798247451148995424e+00
1.749136178925336083e+02
2.053955884525380213e+02
3.176118469090073404e+01
6.905556588078496816e+01
1.767585998415911490e+02
1.719869832270088352e+02
-4.438072307638552871e+01
1.970347664439488540e+02
-1.100127415553201615e+01
1.753686264569551270e+02
5.133088612571356180e+01
1.753627373714915905e+02
1.836734768300644873e+02
-7.968355551188433594e+01
1.873566039746040417e+02
-1.105181940490547277e+01
1.760611774049697260e+02
-2.454858955296649015e+01
1.824538393149709634e+02
-9.853449170282101477e+01
-8.468866388575257531e+01
1.726384042501084082e+02
-3.564759888332625337e+01
1.702517152544131136e+02
1.751016475230028391e+02
4.280939106149614304e+01
3.236413109291947876e+01
2.476924519152890980e+01
1.771208562958183279e+02
-5.242306167159031816e+01
1.944813208036561605e+02
2.003564025747580786e+02
2.108621092783293705e+02
1.894047678936622674e+02
1.920423911378398145e+02
1.872331383315096502e+02
-4.834950983642113442e+01
-9.869303409875972477e+01
7.006351202502182218e+01
1.713102176411567825e+02
1.809835084078882517e+02
1.873068444383342523e+02
-8.580424121395169834e+01
1.393053895980249024e+01
1.946705682933345543e+02
-3.473721977643945991e+01
4.776598937854890892e+01
-1.519575036645042587e+01
6.017543070351504753e+01
2.020892403465860525e+02
1.099854511626212172e+01
-4.336212858288094907e+01
1.704409979047684374e+02
-2.963223479205294097e+01
1.580038327270244167e+02
-3.464165934290913640e+01
2.546173051210701033e+00
-5.105969871617746492e+01
1.709929492136678562e+02
1.439832512632983992e+02
-6.001543985120280666e+01
-5.832648451070874529e+01
1.796273419650897551e+02
-1.569416624802516935e+01
1.964676763310353635e+01
-7.664481238657003814e-01
1.543058974601287332e+02
1.714592989838288588e+02
2.751945972882511171e+01
-7.741104975353529483e+01
4.276478505636214322e+01
-1.041507310847114809e+01
1.629362269346051164e+02
-7.028713862841891569e+01
1.579097530971438630e+02
-9.124851462806731206e+00
1.670456250850550646e+02
1.574717030012938324e+02
-5.120769493213853707e+01
6.379068942218296456e+00
-1.022720576230947813e+02
-6.387830511622124874e+01
1.753419737067338247e+02
2.533260321701895634e+01
-2.141981817959086243e+01
-9.011095393916679086e+01
-6.433358624360630529e+01
3.502255679665634602e+01
-8.846105627306378949e+01
1.760431150400816875e+02
1.828195441546798747e+02
1.783382973428500691e+02
5.912640264432454273e+01
-7.505922017910135935e+01
1.763249370505760680e+02
1.988252285978946077e+02
-3.999827143114359274e+01
1.975295216626889783e+02
9.284224964251779966e+01
-2.936855503260515832e+01
8.523306083492414587e+01
-3.542605504822117268e+01
-4.910829826009135246e+01
2.017443742509896651e+02
-3.611123475526979831e+01
-6.049953918521323004e+01
-5.132804836468152132e+01
-3.842749315219470674e+01
2.594166491555614584e+01
-3.206019581449524480e+01
1.885243581595532305e+02
7.204972781666222659e+01
-5.062081691754043078e+01
-3.406656949271238943e+01
-8.445274430877316263e+01
-4.772401465207182270e+01
-3.970128846372236353e+01
-2.141429261595270361e+01
5.851574378641942076e+00
-6.330414192321136113e+01
-1.955963413666486872e+01
-9.390686275607316702e+01
2.507480085103642864e+01
-4.853833454389535973e+01
-5.530875266136377633e+01
-4.402901436339580243e+01
-6.763113966419513190e+01
-1.004621530256151658e+02
-5.085178191728883235e+01
-1.536407252292650583e+01
-4.365784048042072385e+01
-4.907116461311472477e+01
-2.594749269890550636e+01
-1.746722290854550863e+01
-8.075868318720381467e+01
-6.813725562974310890e+01
-1.753753936184563145e+01
-3.090250497894803061e+01
-4.872015129571234837e+01
5.061562700422203420e+01
6.579276959557802229e+00
2.703880490365608580e+01
-1.255444799091674213e+01
-3.733328638966893465e+01
-2.649146271524581664e+01
-9.388122808295292998e+00
-6.849849637931274060e+01
3.252566737492352900e+01
-6.946953661311690098e+01
-4.565219489450294077e+01
-4.654008546979874694e+01
-9.073211986285336650e+01
-8.098857194258408754e+01
-2.084175009223305608e+01
-4.429513575736101672e+01
8.582716855454393112e+00
-7.007584959985859996e+01
3.446809694733732954e+01
2.042734100594063307e+02
5.512055025887696047e+01
2.523959269753274270e+01
-5.950492354807156659e+01
-7.963356661790177782e+01
-4.836155753722005812e+01
-7.340346309149344961e+01
-6.162552466744798352e+01
8.097880206592989794e+01
-2.055606029493898745e+01
7.679106484018615220e+01
9.159652778789177319e+01
-5.697441843648339699e+01
5.021370894291331410e+01
-4.914614303217211955e+01
-6.205879437649239350e+01
-5.926064084698853662e+01
-7.416655226411808144e+01
-7.356670003695496973e+01
-7.199443424703738970e+01
-9.076835193883795228e+01
-6.453265722390921155e+01
-5.554878894022449742e+01
-3.190438371616980362e+01
-9.745603734344199154e+01
-7.004423035128056085e+01
-9.930723640801814156e+01
-8.769858550916899276e+01
-1.087771377287670447e+02
-9.750936876210721493e+01
-8.734706361072205993e+01
-4.426226891323900503e+01
-4.975182021974179492e+01
-4.101642458190945462e+01
-2.704424689525806969e+01
3.052658035144500559e+01
-1.008445904796462429e+02
-4.444013846237376697e+01
-6.076321363565509159e+01
-7.042648126803874220e+01
-7.972326747947731462e+01
-7.739642775033979660e+01
-3.486681395843372400e+01
1.706610850174212146e+01
5.816768701466656921e+01
-7.369284640845697254e+01
-5.564902074729829451e+01
-7.173262689552304039e+01
-8.045297657208485020e+01
4.920639466155932951e+00
-6.819579703157252482e+01
-5.129574344679863884e+01
-6.156926018966641578e+01
-2.818322989851765215e+01
-8.100988042976588588e+01
-7.719796591854415624e+01
-1.013330744208815304e+02
-6.287738873590600264e+01
-1.164870978896263978e+02
-1.012341211547459778e+02
-1.152230956165894753e+02
-1.114106483584767773e+02
-6.613280758502193635e+01
-1.139038567956864938e+02
-9.914757416615486818e+01
-1.004838986362691031e+02
-8.046843384055812010e+01
-9.376161133533270231e+01
-8.427267413346025648e+01
-1.002296856429278193e+02
-4.205597432227857269e+01
-8.637808006071854550e+01
-5.989910569023724207e+01
-9.121526143032410516e+01
-9.856593176136226475e+01
-7.895330485096221196e+01
-7.899000324616241642e+01
-7.732571816881645077e+01
-8.129241943898631462e+01
-9.765094902497038731e+01
-1.515003816888062715e+01
-7.751053181556035554e+01
-8.214041790889510253e+01
-1.822702187465097268e+01
8.232742385557855869e+00
-4.698235370283082801e+01
-6.643265149927053415e+01
-5.907914622068516053e+01
-4.977151206844226294e+01
3.507078894248684264e+01
1.636990687555797308e+01
-2.009677897953739034e+01
2.778867960185806396e+00
6.295662586339321365e+01
-5.900657537150815557e+01
-7.983696114157079649e+01
1.101398540241880823e+02
-6.741167291446757304e+01
-5.286876517254388830e+01
-5.248844096330008568e+01
-7.061160407496785751e+01
6.163752033060637814e+01
-1.743319803111512556e+01
-7.243275419912482960e+01
-6.756829150586688115e+01
-3.081797353997130529e+01
-7.189955052418940795e+01
-7.068827482203657553e+01
-6.157130106726518193e+01
-4.039012688347713720e+01
-5.229061649729714389e+01
-7.179444938409926635e+01
-7.435429079369723127e+01
-1.950819477104568023e+01
-6.249161841744268031e+01
-5.011232800562089551e+01
-5.223352671698222593e+01
-5.171784906880680666e+01
-7.550263724514067576e+01
-8.303857836211305710e+01
-2.274410493923336674e+01
-3.664227909912619197e+01
-3.277342562789254998e+01
-6.352844623593898632e+01
1.634839898982886552e+01
2.881310029981253251e+01
3.822911059793034383e+01
-6.514204356547577390e+01
-5.177325072173056242e+01
3.079798348401456565e+01
5.583556316798052421e+01
-3.240487561948330608e+01
-2.760482878325908018e+01
-6.351485839708116998e+01
-2.625612603068012163e+01
-3.419672105230735326e+01
-7.128972299500922816e+01
-9.531973492075209720e+00
-3.698372560996006086e+01
1.379684677249211688e+01
8.719409645281172061e+01
-6.490028232773792638e+01
2.631621209480120172e+01
-5.516360936285824579e+01
7.170106488606518269e+01
2.410318649128140578e+01
-7.362271451810592282e+01
-7.429438387564758273e+00
1.644728203868938010e+01
-5.443420550792296098e+01
-5.404246563668274206e+01
-8.071046066977173439e+01
-7.170974302106918685e+01
-7.911721155569125585e+00
1.307824041466655274e+01
6.692022359238620766e-01
-7.102637628502726841e+01
-6.936025706946155367e+01
-5.487826376168838038e+01
-1.802105470793534892e+01
-2.929189997221513408e+00
-5.829612542974204814e+01
-7.266123473840045222e+01
-7.008648742393296516e+01
4.191687526131693176e+01
2.048088591484967935e+01
-6.959927787206987659e+01
-8.147119650872546970e+01
-7.586477228381271232e+01
-5.719991890884096364e+01
-8.615030517415145539e+01
-6.940707309048059415e+01
-1.893159912365146624e+01
-9.011120388430602191e+01
-6.434627666556815484e+01
-7.896953606881410792e+01
-8.565340709034880717e+01
-9.176176090649649097e+01
-6.520702848207858437e+01
-9.104181809480486720e+01
-8.325245784970799434e+01
-6.019288994533646076e+01
-9.113697761573770606e+01
-9.636495729307475244e+01
-7.082427072618763475e+01
-3.935459422939828045e+01
-7.366867823055368092e+01
-7.712776494698093188e+01
-8.764174980836457962e+01
-8.103339859587100591e+01
-5.871671076294072122e+01
-6.997303526916726923e+01
-6.769306210160895887e+01
-6.413348472742585216e+01
-7.195836597201261498e+01
-2.819272752062987308e+01
-6.604994535128385280e+01
-7.254820509167319642e+01
-8.224320416996565086e+01
-6.514795352047366350e+01
-5.954596505811370122e+01
-5.953016318683877017e+01
-7.449414644595702839e+01
-6.583338443334845635e+01
-5.200309547782842401e+01
-1.002064409682067634e+02
-3.867884488908396889e+01
-1.028948003907804463e+02
-1.062501099075387572e+02
-1.001620773518290974e+02
-8.379651317690894530e+01
-1.037591850459765368e+02
-7.534340178085936657e+01
-5.151648580385202081e+01
-9.611310194619757397e+01
-4.087208644554970505e+01
-1.007631343169284719e+02
-1.004228750588658556e+02
-6.840937596607966498e+01
-8.294959496608078098e+01
-9.026698588333178463e+01
-9.984231627065706505e+01
-1.072121178583789884e+02
-9.638912566324853515e+01
-4.504328393913085193e+01
-6.638853156766381858e+01
-2.733232369539597073e+01
-8.557900863358186427e+01
-1.071265425234098387e+02
-1.001418033816564019e+02
-9.826870293352000374e+01
-9.993889256930854970e+01
-9.830981161633681609e+01
-9.722229517295953372e+01
-6.823878467473011256e+01
-1.008615448835076336e+02
-1.011258019585697099e+02
-9.468263444106297300e+01
-1.031346040601792424e+02
-1.008115195931343209e+02
-1.012410800419101520e+02
-1.001280817314005702e+02
-1.009717562260080825e+02
-1.007352092007452882e+02
-1.003155289456413186e+02
-9.851065116086704165e+01
-9.903297328230821961e+01
-5.587115027472892592e+01
-7.583615043851085602e+01
-9.788932596722968071e+01
-9.814159214655001051e+01
-9.867591008896381766e+01
-9.729593715777083673e+01
-1.004647755875226949e+02
-9.894589841569231226e+01
-9.866276343679831484e+01
-9.915085701338080071e+01
-9.882721116168509923e+01
-9.982220879799722013e+01
-9.924507420806590119e+01
-9.820231687752787764e+01
-9.875847665261987629e+01
-9.990080999129148154e+01
-9.847415088987264653e+01
-9.940673661108046133e+01
-1.005264384054617182e+02
-9.962276554294025743e+01
-9.953379482586383631e+01
-1.007853720843506977e+02
-9.927755974783362092e+01
-9.891187704571092354e+01
-1.022589878965666514e+02
-9.960150761112799955e+01
-9.929316700862585776e+01
-9.915472104128612330e+01
-1.001281035405425541e+02
-9.969733004863719827e+01
-9.958866411985214029e+01
-9.982876835580566421e+01
-9.954141554975048223e+01
-1.027741715628377079e+02
-6.205388898341593773e+01
-9.912549032244612590e+01
-9.963658166108598380e+01
-9.904536537844879263e+01
-9.963856172256279820e+01
-1.005658436763545609e+02
-9.936745800690850672e+01
-1.023084896288432475e+02
-9.894679979118535584e+01
-9.947646742003797726e+01
-9.956708880362775460e+01
-9.951578236502110997e+01
-9.961833675291235579e+01
-1.012244840791749283e+02
-9.913005581429145252e+01
-9.906781824735827513e+01
-9.849164053082358805e+01
-9.881334248005325094e+01
-9.894013138926878526e+01
-9.814621622235878817e+01
-9.959633328908086014e+01
-1.005318682370050425e+02
-9.913311811923593098e+01
-1.015714156788151570e+02
-9.959962684960714796e+01
-9.951318702216619272e+01
-1.009677310510724908e+02
-8.740232727111656175e+01
-9.901142748700843299e+01
-9.795460359941057504e+01
-9.923270084355266363e+01
-6.003945675511762659e+01
-9.758350726409966569e+01
-9.977889295567366901e+01
-2.615065754523783426e+00
-8.731953197975751380e+01
-9.888066742653657570e+01
-9.884389740748407860e+01
-9.897169795963938554e+01
-5.833504470667570985e+01
-9.895781972190896170e+01
-7.343120173319253752e+01
-5.072236373418132160e+01
-9.973277647528914258e+01
-9.909591225845525742e+01
-9.926086921842593824e+01
-9.807967646500121361e+01
-6.472225753737512832e+01
-8.907947171799435182e+01
-5.502380610313029052e+01
-5.223526841593083958e+01
-9.986505648901393783e+01
-9.466180422423384755e+01
-9.851180609350188888e+01
-1.014826092109600495e+02
-6.289604604208914651e+01
-9.986309387682865690e+01
-9.921709622714759291e+01
-5.903574277131761505e+01
-5.992490023231697194e+01
-9.105226045844970884e+01
-4.255527127118565289e+01
-3.472294478726493594e+01
-7.164281474432658570e+01
-4.919073320189767884e+01
-8.139792950828237394e+01
-1.021535835602777524e+02
-9.851344611114784300e+01
-1.021523965963315561e+02
-7.220630248376916427e+01
-3.535247551692603452e+01
-7.232401546416903670e+01
-1.036806613802782238e+02
-3.743395440142296593e+01
-1.097303065549738790e+02
-6.570133940901007463e+01
-4.578006413191517510e+01
-8.188631359983062907e+01
-8.484963685613465145e+01
-1.319724686087543546e+02
-5.649545437316450602e+01
-3.015464442985833671e+01
-6.465413603779157370e+01
-6.830907834064866790e+01
-3.267296018817543768e+01
-7.035447721327119552e+01
-8.112387752366970517e+01
-8.526451712871730138e+01
-7.227817279950340890e+01
-1.018819365763414737e+02
-9.296896217406163032e+01
-7.371332080454112656e+01
-3.516814396744736371e+01
-9.234549060887518124e+01
-7.004419723026612132e+01
-9.937818377383736390e+01
-1.014594267593441259e+02
-4.731163351824488927e+01
1.604746136401562637e+02
-8.608067193566789399e+01
-2.934313304259033828e+01
-8.895303569069115213e+01
-7.173968024301530022e+01
1.621056681956393675e+02
-3.459328175817958595e+00
-5.670533666434485554e+01
1.915164922743427667e+02
-2.969285228956250933e+01
-2.629136949144812263e+01
-9.318228708868923604e+01
-2.246509884529598366e+01
-6.115110854614084701e+01
-7.553528504240105690e+01
1.473613036518641195e+01
1.477877105333220698e+02
-8.561469308836448988e+01
-9.142392763706007486e+01
-9.630138588276662404e+01
-9.580934568644147475e+01
-1.525260794065016512e+01
1.863924165324731064e+01
1.837206950529296989e+01
-9.830682445587804352e+01
2.635736267742082362e+01
2.360581259499379314e+01
1.279169585184334323e+00
-9.492617781691902223e+01
-3.777269771521071817e+01
3.309559728777674081e+01
-5.423949790265236004e+01
1.729293190812672378e+02
2.038667857937282122e+02
-5.338336105366808226e+01
-3.676307907520416052e+01
-9.694976853463759880e+01
1.837719985482001164e+02
-9.807314950341014992e+01
-9.470377353135336307e+01
-3.147058099460646474e+01
-9.407330116822538457e+01
-8.967250798443271265e+01
-9.568412922878033555e+01
-9.699898784478321545e+01
-9.989965184521511787e+01
3.968410840490221858e+00
-9.829895432598286220e+01
4.446028523477664862e+01
2.107739358365618898e+02
-9.562975126666252379e+01
1.749597658679064125e+02
-5.274309324161849588e+01
1.705491491628842766e+02
-7.197217506119635289e+01
1.866807779732330630e+01
-8.220246790412826954e+01
7.182523188269055936e+01
-3.141402799030545623e+01
-2.986418982088261487e+01
-8.861239984825132865e+01
-1.326432585179544787e+01
-2.615357272029726232e+01
